1,46
2,34
3,1
4,6
5,4
6,11
7,9
8,3
9,14
10,8
11,1
12,3
13,25
14,0
15,3
16,0
17,1
18,1
19,28
20,0
21,24
22,16
23,1
24,1
25,0
26,11
27,3
28,4
29,5
30,7
31,7
32,1
33,0
34,4
35,5
36,12
37,2
38,8
39,3
40,7
41,18
42,1
43,3
44,0
45,10
46,0
47,2
48,1
49,2
50,9
51,0
52,2
53,6
54,8
55,1
56,4
57,3
58,18
59,3
60,8
61,0
62,0
63,5
64,1
65,2
66,1
67,0
68,4
69,1
70,1
71,0
72,1
73,4
74,2
75,0
76,2
77,8
78,0
79,2
80,13
81,7
82,2
83,3
84,0
85,9
86,4
87,10
88,6
89,0
90,0
91,1
92,1
93,4
94,0
95,0
96,4
97,5
98,2
99,7
100,2
101,13
102,3
103,0
104,1
105,0
106,2
107,9
108,13
109,0
110,2
111,0
112,1
113,0
114,4
115,14
116,2
117,2
118,4
119,0
120,2
121,0
122,6
123,1
124,1
125,13
126,0
127,0
128,6
129,0
130,2
131,1
132,0
133,3
134,1
135,3
136,0
137,0
138,0
139,1
140,2
141,5
142,0
143,3
144,7
145,0
146,11
147,0
148,0
149,1
150,0
151,6
152,0
153,0
154,0
155,0
156,12
157,0
158,7
159,0
160,0
161,5
162,2
163,0
164,1
165,7
166,2
167,1
168,6
169,3
170,0
171,1
172,14
173,0
174,1
175,10
176,0
177,4
178,7
179,0
180,1
181,0
182,6
183,2
184,0
185,0
186,3
187,1
188,0
189,5
190,1
191,1
192,2
193,2
194,1
195,0
196,0
197,1
198,0
199,0
200,0
201,3
202,9
203,1
204,8
205,9
206,8
207,2
208,1
209,0
210,4
211,2
212,1
213,0
214,0
215,1
216,0
217,5
218,7
219,0
220,5
221,1
222,1
223,1
224,5
225,0
226,8
227,0
228,0
229,0
230,0
231,1
232,1
233,0
234,1
235,0
236,0
237,2
238,0
239,2
240,2
241,0
242,3
243,8
244,3
245,5
246,2
247,0
248,3
249,1
250,2
251,0
252,3
253,6
254,4
255,6
256,0
257,0
258,3
259,2
260,2
