1,6
2,6
3,3
4,6
5,3
6,4
7,6
8,6
9,6
10,4
11,3
12,6
13,2
14,5
15,6
16,3
17,3
18,3
19,2
20,5
21,2
22,6
23,3
24,3
25,5
26,6
27,4
28,3
29,4
30,6
31,6
32,3
33,3
34,4
35,3
36,6
37,3
38,6
39,6
40,6
41,6
42,3
43,3
44,3
45,6
46,3
47,3
48,4
49,4
50,6
51,1
52,3
53,6
54,2
55,3
56,6
57,3
58,6
59,4
60,6
61,6
62,3
63,6
64,4
65,3
66,4
67,3
68,6
69,3
70,3
71,3
72,5
73,5
74,3
75,3
76,3
77,6
78,1
79,5
80,6
81,2
82,3
83,6
84,3
85,4
86,5
87,6
88,3
89,3
90,3
91,3
92,3
93,3
94,3
95,1
96,6
97,3
98,3
99,6
100,3
101,2
102,3
103,3
104,3
105,3
106,4
107,6
108,2
109,3
110,4
111,1
112,4
113,1
114,5
115,2
116,3
117,3
118,3
119,3
120,5
121,3
122,6
123,5
124,3
125,2
126,3
127,1
128,5
129,5
130,3
131,3
132,3
133,6
134,3
135,6
136,1
137,5
138,1
139,3
140,3
141,6
142,5
143,5
144,6
145,1
146,2
147,3
148,1
149,3
150,3
151,6
152,1
153,3
154,3
155,5
156,6
157,1
158,6
159,3
160,3
161,4
162,5
163,6
164,5
165,6
166,3
167,3
168,3
169,3
170,3
171,5
172,2
173,3
174,3
175,6
176,3
177,6
178,2
179,3
180,6
181,1
182,6
183,3
184,5
185,3
186,6
187,5
188,1
189,4
190,3
191,3
192,6
193,4
194,4
195,3
196,3
197,3
198,1
199,5
200,3
201,4
202,4
203,6
204,6
205,2
206,2
207,6
208,3
209,5
210,6
211,4
212,3
213,3
214,3
215,6
216,6
217,2
218,6
219,5
220,4
221,3
222,3
223,6
224,6
225,1
226,2
227,3
228,5
229,3
230,5
231,5
232,6
233,3
234,6
235,1
236,1
237,6
238,5
239,6
240,3
241,3
242,6
243,2
244,6
245,6
246,3
247,3
248,6
249,5
250,6
251,1
252,6
253,6
254,2
255,6
256,5
257,5
258,6
259,6
260,2
