507.549011 190.889008
561.950989 172.966995
571.211975 245.481995
559.039001 230.925995
628.765015 182.190002
537.796997 200.250000
607.012024 95.570000
553.254028 215.649994
542.892029 216.173996
545.335022 209.330994
549.719971 180.001999
564.698975 201.604004
545.223999 225.050995
619.125000 69.594002
554.737000 172.768997
616.098999 180.867004
537.911011 236.192001
584.500977 196.108994
518.387024 180.201996
616.434998 71.612000
534.888000 213.373993
542.564026 168.457993
594.406982 213.654999
542.096985 184.729996
554.960999 217.300995
634.956970 52.854000
630.380005 115.349998
560.133972 192.854004
542.702026 171.485992
533.586975 193.600006
541.892029 207.897003
550.997009 243.845993
571.586975 223.679993
600.408997 163.735001
550.971985 215.511002
558.010986 213.445999
549.434998 209.464005
566.192017 235.923996
611.901001 94.149002
515.020996 205.440002
561.765015 185.145996
547.830994 197.477005
550.546997 256.924988
519.080994 192.126999
550.304016 222.013000
602.716003 73.910004
514.872009 185.130997
569.869019 245.238007
514.856018 203.009003
588.155029 158.102997
569.565979 232.117004
559.560974 225.188004
537.526001 210.845993
558.518982 178.298996
561.666992 185.233002
554.364990 184.050003
527.645996 187.477005
524.322021 212.404007
546.085022 237.442993
536.958984 237.682999
541.557007 170.906006
542.030029 218.656998
565.385010 246.927002
541.625000 241.244003
539.117981 199.539001
549.864990 241.712006
532.143982 169.727005
556.976013 179.287003
552.682983 175.132004
567.440002 254.651001
548.560974 176.337997
567.103027 216.972000
570.518005 251.044006
514.879028 227.257004
560.119019 189.216995
540.445007 180.337006
545.801025 167.888000
576.046021 184.591995
553.982971 192.145996
609.530029 61.516998
515.473022 199.522995
543.424988 191.574997
545.588013 238.604996
591.927002 153.828995
630.721008 234.451996
567.010986 237.419998
550.619995 177.248993
572.872986 252.632996
533.310974 224.809006
527.408020 223.164993
543.466003 203.563004
565.083984 246.380997
561.515991 175.779007
558.909973 207.597000
549.747009 208.022003
522.210999 188.498993
565.211975 212.121002
571.820984 227.766006
550.906982 215.720993
529.794006 188.009995
549.044983 198.421997
561.468994 178.403000
542.742981 169.779999
612.018982 87.445000
578.398010 47.473000
552.679016 239.589996
617.526978 138.712997
553.258972 237.582001
526.489014 207.761002
604.348022 194.544998
560.844971 196.591995
551.362976 246.065002
579.851013 235.363007
571.252014 234.039993
528.775024 201.031006
536.640015 178.181000
509.834991 197.507996
549.843018 181.692001
585.760010 178.410004
549.591003 243.886993
548.617981 189.270004
580.260986 229.304001
620.531006 58.952999
630.763000 119.445000
616.924011 97.695000
532.703979 184.697998
560.002014 167.020996
536.280029 208.591003
521.729980 223.697998
542.794006 210.807999
531.796997 231.585007
530.341980 169.987000
563.763977 160.403000
556.588989 242.001999
516.312012 217.022995
548.625000 227.503998
568.322998 215.201004
527.567993 185.684006
507.191010 198.281998
553.562988 235.699005
557.109009 245.576004
553.026978 251.824005
534.062012 235.677002
540.499023 218.768005
543.252991 184.397995
542.094971 218.440002
519.651001 189.987000
543.489014 160.225998
545.664978 194.412994
572.114014 242.669006
520.200012 207.927002
521.182007 209.218994
506.437012 197.776001
510.358002 208.128006
555.606995 242.085007
533.726013 204.076996
574.348999 194.570007
540.659973 178.248993
562.575012 250.266998
581.617004 228.194000
540.762024 169.667999
560.211975 193.227997
539.328979 231.843002
577.034973 239.757004
529.254028 188.350998
584.992981 171.505997
535.062012 168.889008
610.744019 77.305000
530.890015 214.371002
552.999023 187.897995
515.531982 207.119995
551.450989 218.876999
551.648987 166.285004
560.578003 245.061005
548.812988 219.406006
543.453003 223.181000
535.375000 188.716003
557.411011 241.587997
603.575989 164.177002
556.304993 223.910995
553.239990 181.979996
536.190002 227.244003
560.119019 212.847000
610.211975 91.652000
579.687988 203.820999
541.122009 194.227997
536.994019 199.406998
566.265015 243.324005
508.936005 201.334000
585.364014 165.098007
603.004028 209.501007
557.432983 210.460999
609.017029 217.621002
510.186005 194.703003
522.892029 193.432999
554.228027 223.778000
613.664001 207.528000
527.275024 178.621994
556.705994 220.401001
567.536011 244.779999
530.658020 212.459000
533.627014 186.195007
559.679993 166.585007
522.674011 206.106003
535.208008 196.690994
518.664001 193.098007
551.098999 245.164001
572.549988 227.714996
526.541992 201.697998
533.166992 185.014008
612.208008 87.518997
566.677002 245.076996
531.169006 202.858002
574.534973 204.815994
513.838989 201.315002
510.316010 202.548004
503.598999 199.880005
513.460022 195.240005
552.031006 210.136993
634.796997 215.830994
597.971008 126.584000
561.067993 164.809998
520.625000 190.014008
561.020996 247.128006
539.416016 237.404007
614.026001 82.133003
518.135986 210.546997
570.434021 239.876999
522.375977 198.932999
565.427979 233.729004
532.539978 200.356995
555.106995 247.964996
536.426025 165.994995
574.432983 195.270996
538.611023 207.710007
524.171997 190.052994
580.151978 226.666000
540.422974 224.272995
534.940002 162.445999
549.926025 192.421005
548.268982 222.419006
526.939026 212.011002
601.387024 113.217003
516.869995 185.158005
560.015991 255.307999
546.586975 172.128998
522.973022 219.106003
559.854980 180.837997
544.296021 170.770004
620.984985 65.105003
578.568970 218.903000
633.526978 62.272999
560.406982 231.531006
603.773010 114.408997
614.304016 112.684998
578.476013 180.248993
531.091980 184.651001
563.585999 224.227005
531.564026 212.889008
544.216980 226.625000
578.408997 184.699005
547.130005 221.996002
547.692993 210.080002
516.031006 212.134003
564.638000 219.406998
580.085999 229.074997
562.523987 193.350998
632.091980 180.981003
626.038025 206.339005
537.031006 175.539993
616.885010 65.213997
607.770996 198.712006
523.994019 223.429001
526.538025 216.427002
534.486023 184.897995
516.671997 186.322006
605.153992 169.779007
570.880981 207.606003
593.757996 60.890999
528.065002 219.007996
530.434998 223.313004
619.010010 68.142998
566.335022 198.975006
610.692993 102.775002
539.752991 205.753006
527.031006 180.171997
604.979004 57.523998
532.479980 169.589005
533.763977 196.348007
558.541992 227.574997
533.989014 198.755005
516.598022 205.419006
548.351013 224.707001
553.947021 171.589005
587.343994 158.966995
578.270020 241.343994
532.171021 197.451996
610.932983 21.381001
531.880981 176.393005
549.349976 225.529999
583.039001 163.720993
525.924011 225.533997
570.835022 231.154007
548.353027 237.610992
537.283997 231.837006
516.028992 218.382004
616.554993 241.731003
566.789001 226.671997
513.843994 203.942993
516.106995 194.033005
535.388977 201.723007
542.890991 199.393005
544.843994 191.082001
509.260010 196.518997
559.653992 177.755997
553.512024 188.664993
509.776001 193.283005
540.000977 232.360001
610.017029 99.787003
602.382019 115.587997
563.531006 233.266998
512.111023 203.710007
561.406982 163.725006
614.354004 83.414001
592.755981 140.285004
517.195984 185.876999
553.067993 165.024994
531.226990 181.494003
546.765015 184.470993
561.801025 192.975006
568.268005 190.214996
516.973999 181.807999
516.289001 211.410995
517.689026 183.858002
542.526001 238.584000
567.562988 226.748993
548.913025 237.371002
532.263977 197.468002
570.909973 232.455994
603.466003 113.476997
598.833984 126.745003
579.310974 193.095993
602.192993 83.353996
574.203979 217.335999
539.015015 251.828003
561.789001 194.231995
541.862976 224.630005
569.112976 237.098999
575.392029 232.628998
501.800995 200.304993
563.862000 182.869995
540.742981 187.309006
524.796997 189.888000
591.289001 201.917007
548.638977 201.154007
519.077026 204.552994
548.939026 174.542007
571.739990 210.658005
511.987000 209.628006
553.609985 226.296005
503.614990 202.149994
542.658997 228.742004
530.062012 198.289001
552.369995 191.500000
548.497986 185.701004
596.783997 132.237000
589.963989 57.394001
553.239014 218.916000
608.377014 159.688995
573.133972 194.645996
535.208008 236.858002
557.976013 249.645996
564.213989 226.169006
528.138000 190.919006
505.282990 202.667999
578.176025 48.855999
499.946014 195.223007
575.515991 219.897995
595.638000 136.011002
561.390991 166.669006
528.340027 210.848007
530.291992 181.076996
555.276978 192.516006
531.265015 214.408005
559.492981 202.929001
567.293030 242.352997
584.346008 163.871994
562.989990 223.001007
567.010986 228.186996
587.145020 164.901001
579.833984 242.630005
548.896973 174.378006
528.573975 195.643997
537.130981 166.182007
559.182007 213.404007
568.377991 233.149994
532.588989 186.914001
504.743011 202.082001
549.221008 246.082001
570.526978 215.723999
577.195007 246.315002
546.745972 218.160995
537.825012 192.669998
560.086975 169.315994
571.396973 196.654999
563.781982 175.494995
494.842987 199.880997
592.609985 99.494003
546.025024 169.656006
538.039001 178.942001
578.520020 226.169998
574.773010 222.169006
536.565979 166.423004
594.762024 144.848999
583.721985 172.136993
522.780029 223.832993
568.607971 209.856995
543.549011 207.914001
542.518982 169.865997
549.177002 196.664001
508.644989 198.158005
552.624023 204.623993
572.122009 196.720993
574.107971 193.509003
528.656982 180.164993
561.526978 246.675003
589.580994 154.173996
527.851990 220.434006
557.520996 245.358994
518.005005 203.612000
526.184998 199.936005
528.935974 205.490997
552.689026 200.940994
553.033997 169.098007
591.276978 188.218994
548.486023 220.992004
522.189026 221.399002
523.612976 223.348999
564.901978 211.544006
621.182983 219.835999
554.723999 176.576004
542.945007 207.964005
547.622986 229.255997
528.122986 225.981003
537.348999 194.572998
532.687012 202.809006
562.879028 226.875000
557.247009 182.074005
610.742004 85.605003
562.286987 244.057007
599.601013 63.042999
530.822021 209.630005
575.224976 195.570007
513.565979 202.936005
532.323975 211.283997
538.008972 189.408997
625.374023 26.517000
524.590027 206.048004
586.546021 109.780998
543.971985 224.998001
532.825989 202.688995
564.463013 254.281998
507.928009 198.080994
568.833008 236.889999
548.536011 195.035004
577.140991 242.703003
517.456970 207.397995
608.476990 28.712000
542.565979 193.188004
554.854004 162.242004
578.445984 221.154007
530.994019 175.167007
575.210022 250.763000
550.866028 253.304001
580.765991 231.889008
547.289978 198.339005
586.687988 136.207993
510.309998 194.835007
631.598022 115.831001
564.409973 252.110001
536.651978 205.302002
545.648010 245.738007
531.914001 168.328995
510.428009 211.964005
543.684998 175.022003
562.989990 238.179993
578.429016 143.578995
573.841003 214.186996
540.041992 171.283997
589.661011 150.054001
541.442017 230.360992
542.544983 225.658005
547.932007 257.360992
620.919983 60.951000
567.773987 188.914993
512.245972 199.882996
546.599976 203.862000
561.882019 166.475006
535.687988 211.697998
579.046997 47.887001
531.770996 182.154007
606.765015 104.377998
546.265015 194.145004
530.658997 221.074005
561.802002 247.619003
583.408997 163.985992
523.685974 203.731995
566.101013 250.378998
551.918030 251.311005
553.969971 239.373993
549.762024 182.018997
546.719971 243.166000
579.406982 180.852005
549.729980 175.908005
547.992004 175.098999
524.577026 221.910995
550.492981 211.692993
564.130981 180.787994
630.883972 156.500000
610.828003 89.670998
548.255981 243.264008
536.106995 233.296005
534.437988 181.895996
540.765015 234.436996
566.518005 198.869003
571.283997 239.729996
524.997009 224.171997
612.593018 64.542999
558.210999 222.048004
540.570984 173.567993
541.030029 161.960999
550.611023 223.766006
600.414001 216.128006
534.244995 231.412994
547.708008 182.546005
512.578003 210.059998
563.349976 222.022995
628.606995 47.734001
538.236023 173.246994
617.864990 85.073997
548.478027 166.009003
590.804016 128.160004
511.407013 202.585999
545.671997 244.365997
599.947998 123.795998
549.314026 169.251999
547.747009 202.824997
526.356018 208.807999
519.586975 213.574005
532.080994 169.052002
621.583008 101.737000
520.080994 211.548996
621.940979 199.910004
500.268005 196.615997
533.802979 187.781998
604.901001 110.545998
568.135986 236.378006
544.283997 184.386993
581.504028 50.339001
575.435974 150.149002
537.213989 190.899002
508.976990 194.707993
542.411987 196.587997
597.536987 128.602005
575.614990 236.477997
594.801025 132.201004
600.791016 215.154007
557.867004 217.949997
535.737976 204.222000
543.463013 222.001999
523.002991 212.539993
615.322998 187.751007
580.010986 180.815994
594.784973 135.485992
545.632996 233.451996
561.929993 253.509003
543.226990 169.761002
542.854980 214.362000
525.744995 221.197998
566.414001 213.423996
515.107971 200.796997
605.937012 106.730003
517.750977 210.977997
588.398987 153.453995
529.890991 224.225998
541.859009 199.873001
567.789001 250.389008
593.552979 137.061005
501.104004 198.190994
625.616028 126.830002
560.528992 162.158005
