47 48
48 49
50 49
48 51
48 50
47 51
50 49
48 50
51 50
51 50
47 51
52 52
52 52
48 51
47 48
52 49
51 50
51 48
49 51
49 50
51 51
52 51
52 52
52 49
50 47
47 51
52 51
49 49
48 50
47 49
50 51
50 52
49 52
51 48
49 47
48 47
49 52
51 51
47 48
51 49
48 50
52 47
50 49
49 48
51 50
52 49
52 51
50 47
47 49
47 48
188 155
235 205
215 226
150 238
181 199
217 165
231 166
210 211
182 245
182 185
174 156
156 170
203 179
232 170
167 228
180 185
211 155
229 246
242 243
212 243
176 216
166 175
195 242
204 238
215 235
202 224
192 230
179 200
241 178
189 163
174 203
157 231
169 155
218 176
195 231
204 203
191 159
228 241
245 195
184 157
229 246
160 227
175 220
180 197
186 229
238 187
237 214
196 249
184 195
196 213
186 164
165 189
245 202
182 243
172 152
236 155
199 152
165 162
176 153
248 164
200 205
246 218
230 156
211 216
187 247
161 239
150 228
232 214
180 171
190 167
201 195
212 164
226 232
178 246
223 187
166 178
182 166
213 211
194 188
247 217
217 227
182 234
242 219
231 168
203 222
226 208
232 187
239 208
163 211
178 198
202 167
181 166
227 172
159 170
206 161
242 157
197 215
172 171
219 246
172 244
204 235
211 193
155 236
233 236
188 246
224 169
171 198
239 222
225 160
158 178
230 217
204 190
213 244
245 164
168 232
170 180
238 158
231 189
152 212
226 239
153 216
167 214
229 194
231 187
196 175
166 152
227 187
233 206
150 205
242 205
213 228
205 156
231 184
202 214
229 223
239 247
226 245
165 243
152 218
191 181
150 156
169 235
206 217
223 200
227 220
162 225
220 179
219 155
237 192
224 185
173 209
248 169
194 213
234 222
164 208
152 208
233 181
177 231
245 171
170 164
204 169
151 221
198 175
186 176
234 184
236 187
165 245
188 226
181 200
155 212
230 207
239 200
205 174
242 246
208 247
178 226
199 167
174 247
195 187
218 205
244 198
207 181
155 157
177 197
242 243
198 225
247 165
231 224
210 234
208 153
245 231
214 214
153 214
191 243
155 188
185 217
212 247
190 202
208 151
164 234
216 152
203 175
202 249
156 215
168 228
241 176
162 172
217 192
202 218
201 193
160 222
176 208
167 198
177 202
208 246
214 192
194 198
211 227
176 249
215 206
207 163
168 217
168 233
186 214
220 246
188 230
223 206
180 213
243 226
233 238
168 161
155 183
234 231
164 210
213 221
221 187
198 202
214 169
221 241
245 160
237 238
249 219
166 207
166 184
153 235
196 173
206 194
187 215
155 249
174 153
187 242
150 243
173 240
183 249
221 194
151 160
180 194
167 174
206 208
209 159
212 238
161 237
235 202
203 203
205 187
180 185
162 158
159 200
163 214
219 159
168 156
236 204
245 191
245 207
231 236
169 223
179 205
161 238
203 169
165 165
155 204
202 152
224 233
158 185
188 167
220 239
227 246
211 181
172 191
188 235
168 230
152 152
210 156
187 193
205 158
171 157
182 223
194 243
161 224
189 164
