1.55134
1.08767
1.02373
1.18173
1.19510
0.99163
0.98624
0.90564
1.14682
0.89189
0.92567
1.17430
0.81314
0.87971
1.12456
1.03164
0.82875
1.38186
1.37161
0.91226
1.06107
0.95007
1.44172
1.05030
0.94490
1.65629
1.53702
0.86072
0.77776
1.04900
0.88762
0.83123
1.09760
1.27459
0.95864
0.97910
0.95027
0.90454
0.85423
0.89031
1.03057
0.83552
1.56504
0.92737
0.87586
1.28693
1.06936
0.94255
0.78693
0.83924
0.87509
0.88529
1.01677
0.84256
1.03185
1.03883
1.06835
1.02898
1.00697
0.97136
0.79620
1.05321
0.84475
1.17241
0.99453
0.84031
0.89868
0.93578
0.93252
1.22699
0.91467
0.96619
1.11392
2.46271
0.94255
1.08155
1.11624
1.11588
1.03537
0.91612
1.16411
0.97165
0.96667
0.97992
1.66336
0.87522
0.87008
1.41279
1.28074
0.82229
1.00839
0.82372
0.95516
1.12073
0.96822
0.90868
0.86137
0.99862
0.98174
0.94359
0.89371
0.83711
0.74902
0.76828
1.49198
0.91472
1.95338
1.07625
0.94767
1.05740
0.93114
0.90433
1.09799
0.91469
0.98038
1.10334
0.81929
0.92163
1.11649
0.81901
1.00331
0.99218
0.91959
1.63832
1.11845
0.77626
0.78213
1.00198
1.04603
0.96263
1.23640
1.06961
1.50201
0.99280
1.31959
1.11508
0.86495
1.05753
0.86512
1.18103
0.92707
1.12463
1.06294
1.19805
0.98238
1.06691
0.84288
1.96642
0.82381
0.99636
0.91197
0.89362
0.91879
1.32118
0.94971
0.93683
0.79510
1.16685
0.89635
1.03272
0.90636
0.87701
0.85716
1.06045
0.98914
1.00241
0.92100
1.02010
0.90967
0.96959
0.94314
0.88876
1.19881
0.90596
0.94127
0.86235
1.01312
1.03372
1.45405
1.03244
0.97005
1.16801
0.97589
0.81584
1.39079
0.93707
0.96941
0.94121
1.00552
0.83646
0.93847
1.01849
0.89207
0.88374
1.02212
1.02950
0.84732
1.31032
1.01427
0.88181
0.83278
0.83245
0.77595
1.01747
0.89681
1.00663
0.86584
1.01595
1.03072
0.78651
0.76889
0.87436
0.92880
1.23865
0.87125
1.05011
0.95352
1.15443
0.97062
1.28231
0.90866
0.84627
0.85132
0.87124
0.92031
0.91453
0.86727
0.96864
1.26848
0.96399
0.82642
1.05825
1.07987
0.78360
0.94347
0.92735
0.91498
1.03448
1.41913
0.92578
0.84708
0.92198
0.94677
0.92007
1.36678
1.01361
1.14514
0.80987
0.82660
0.85841
1.14649
1.53636
1.17924
0.91878
1.06917
1.19978
0.81066
0.87775
0.85069
0.86486
1.09310
0.88146
0.92815
0.89574
1.10273
0.97823
0.82692
1.30163
1.01171
1.09846
0.80698
0.93180
0.76577
1.11203
0.92601
0.88763
1.52215
1.06952
1.13733
1.09713
1.06653
0.87052
1.04404
0.93076
0.96146
1.24940
1.15797
0.87589
0.89920
0.99262
0.83710
0.94616
0.86867
1.07697
0.80257
1.04536
0.88189
1.78463
1.05156
0.93155
0.86605
0.96887
0.93496
0.96314
0.82761
1.43581
2.34994
0.94046
0.81428
1.25184
0.87389
0.99510
0.98777
0.79579
0.84309
0.99528
1.09214
0.86752
0.95931
0.93340
1.10589
0.88258
0.93611
0.90753
0.97611
0.86847
1.13805
0.89441
0.91215
0.82142
1.15864
1.25033
0.87856
1.00789
1.02762
0.93495
0.97608
0.87711
0.89525
0.91141
0.91895
1.08639
1.34699
0.97225
2.17507
0.81981
0.89850
0.84437
1.02532
1.07394
1.01606
1.08133
0.96387
1.38234
0.93930
1.05782
0.86876
0.96155
1.15835
1.09804
1.14977
0.97766
0.94131
1.03555
0.91298
0.83465
1.23909
0.89265
1.45466
0.81495
1.00820
1.02905
0.85688
1.12192
1.12678
1.47810
1.44510
0.97964
0.83610
0.83443
0.85944
0.91386
0.98981
0.92133
1.25397
0.94958
0.82791
0.90123
0.92441
0.83935
1.22548
0.87043
1.17624
1.06617
0.97262
0.85779
0.84110
1.04520
0.88930
0.87099
1.17941
1.01565
0.98354
0.90153
0.82981
1.16546
2.27586
1.60831
1.00972
1.08581
0.89212
0.96590
1.04476
1.10775
0.99467
0.93254
0.94195
0.85393
0.74634
0.89418
0.83581
1.08924
0.82865
0.81250
1.06052
0.86106
0.90114
0.94948
0.92059
1.01785
1.13323
1.04383
1.20761
1.06901
1.47428
0.89490
0.99984
0.79273
0.88125
1.02406
1.02331
0.86194
1.22488
1.08573
0.98044
0.87049
0.85565
0.94094
0.80599
0.96290
1.21507
0.92844
0.82326
0.77568
0.86909
1.03477
2.24758
0.97704
1.79439
0.82245
0.86032
1.15315
0.83807
0.82176
0.87683
1.06782
0.91535
1.55979
0.92616
1.17385
1.02089
1.09335
1.34400
1.26471
1.11581
0.83156
1.13047
0.87780
1.60766
0.92496
0.98142
1.12082
0.96327
1.47439
1.26358
1.27003
1.51049
0.99293
0.94954
1.01315
0.99658
0.89102
1.74431
0.86796
1.20452
0.98153
0.98585
0.85999
1.01141
1.45722
0.86780
0.89236
0.82848
1.11923
0.85103
0.85273
1.02018
0.92734
1.11023
0.98442
0.92085
0.86640
1.11639
0.83326
0.96465
0.76915
0.98873
1.01464
1.66650
0.77208
0.80657
0.82752
1.03343
0.88818
1.04125
0.99595
0.79135
0.88410
0.93031
1.04327
1.66777
0.89465
1.43149
1.00652
0.93218
1.13138
0.95965
1.45895
1.17437
1.06983
1.28533
1.06139
0.92841
0.99407
0.99544
1.03600
0.95956
0.93145
0.98376
0.90806
1.44282
0.90940
0.91270
1.33671
0.92396
0.92408
0.79117
0.94612
1.45694
1.54398
1.02627
0.90394
0.95258
0.86771
1.08681
0.81489
1.34364
1.00070
0.93066
0.88561
1.01805
1.04503
1.12860
0.79427
1.11771
1.14420
0.76948
1.08500
0.81806
0.84980
0.96493
0.89709
0.87505
0.89817
1.03536
1.03517
0.96046
0.83613
1.14490
1.68066
1.05100
