1.4375 32
1 34
0.0344828 29
0.26087 23
0.153846 26
0.34375 32
0.28125 32
0.0967742 31
0.4 35
0.235294 34
0.0285714 35
0.1 30
0.694444 36
0 28
0.0909091 33
0 29
0.037037 27
0.0454545 22
0.823529 34
0 35
0.685714 35
0.571429 28
0.03125 32
0.0322581 31
0 32
0.366667 30
0.0909091 33
0.129032 31
0.166667 30
0.194444 36
0.25 28
0.0333333 30
0 30
0.137931 29
0.217391 23
0.352941 34
0.0689655 29
0.228571 35
0.103448 29
0.318182 22
0.514286 35
0.05 20
0.115385 26
0 30
0.294118 34
0 19
0.0606061 33
0.0344828 29
0.0740741 27
0.257143 35
0 24
0.0714286 28
0.206897 29
0.32 25
0.03125 32
0.125 32
0.0833333 36
0.529412 34
0.107143 28
0.275862 29
0 37
0 26
0.15625 32
0.037037 27
0.0571429 35
0.0285714 35
0 28
0.153846 26
0.0357143 28
0.030303 33
0 28
0.0344828 29
0.114286 35
0.0588235 34
0 28
0.0588235 34
0.242424 33
0 35
0.0606061 33
0.371429 35
0.25 28
0.0952381 21
0.115385 26
0 28
0.28125 32
0.117647 34
0.322581 31
0.171429 35
0 29
0 35
0.03125 32
0.05 20
0.153846 26
0 26
0 21
0.117647 34
0.147059 34
0.0909091 22
0.21875 32
0.0714286 28
0.382353 34
0.142857 21
0 22
0.0526316 19
0 25
0.0952381 21
0.243243 37
0.361111 36
0 24
0.0909091 22
0 32
0.0322581 31
0 32
0.16 25
0.388889 36
0.0740741 27
0.0625 32
0.117647 34
0 32
0.0869565 23
0 35
0.166667 36
0.0277778 36
0.037037 27
0.40625 32
0 31
0 24
0.1875 32
0 32
0.0666667 30
0.0454545 22
0 34
0.111111 27
0.037037 27
0.09375 32
0 37
0 36
0 36
0.030303 33
0.08 25
0.131579 38
0 36
0.12 25
0.25 28
0 37
0.297297 37
0 24
0 29
0.05 20
0 25
0.157895 38
0 31
0 28
0 33
0 28
0.342857 35
0 24
0.225806 31
0 23
0 28
0.135135 37
0.0526316 38
0 27
0.0344828 29
0.21875 32
0.0689655 29
0.0285714 35
0.166667 36
0.115385 26
0 30
0.0322581 31
0.378378 37
0 19
0.0285714 35
0.357143 28
0 30
0.114286 35
0.333333 21
0 23
0.0294118 34
0 30
0.272727 22
0.0909091 22
0 27
0 22
0.157895 19
0.04 25
0 35
0.166667 30
0.047619 21
0.0357143 28
0.0740741 27
0.0625 32
0.0416667 24
0 21
0 35
0.037037 27
0 33
0 30
0 35
0.12 25
0.243243 37
0.0294118 34
0.258065 31
0.290323 31
0.258065 31
0.0714286 28
0.037037 27
0 24
0.129032 31
0.0606061 33
0.027027 37
0 22
0 21
0.030303 33
0 25
0.178571 28
0.205882 34
0 25
0.178571 28
0.0416667 24
0.030303 33
0.030303 33
0.151515 33
0 35
0.266667 30
0 24
0 35
0 26
0 35
0.0344828 29
0.030303 33
0 26
0.030303 33
0 35
0 19
0.0769231 26
0 25
0.08 25
0.0625 32
0 26
0.0882353 34
0.296296 27
0.115385 26
0.151515 33
0.0952381 21
0 20
0.1 30
0.0454545 22
0.0645161 31
0 31
0.09375 32
0.222222 27
0.153846 26
0.214286 28
0 29
0 25
0.09375 32
0.08 25
0.0769231 26
