1.4375
1
0.0344828
0.26087
0.153846
0.34375
0.28125
0.0967742
0.4
0.235294
0.0285714
0.1
0.694444
0
0.0909091
0
0.037037
0.0454545
0.823529
0
0.685714
0.571429
0.03125
0.0322581
0
0.366667
0.0909091
0.129032
0.166667
0.194444
0.25
0.0333333
0
0.137931
0.217391
0.352941
0.0689655
0.228571
0.103448
0.318182
0.514286
0.05
0.115385
0
0.294118
0
0.0606061
0.0344828
0.0740741
0.257143
0
0.0714286
0.206897
0.32
0.03125
0.125
0.0833333
0.529412
0.107143
0.275862
0
0
0.15625
0.037037
0.0571429
0.0285714
0
0.153846
0.0357143
0.030303
0
0.0344828
0.114286
0.0588235
0
0.0588235
0.242424
0
0.0606061
0.371429
0.25
0.0952381
0.115385
0
0.28125
0.117647
0.322581
0.171429
0
0
0.03125
0.05
0.153846
0
0
0.117647
0.147059
0.0909091
0.21875
0.0714286
0.382353
0.142857
0
0.0526316
0
0.0952381
0.243243
0.361111
0
0.0909091
0
0.0322581
0
0.16
0.388889
0.0740741
0.0625
0.117647
0
0.0869565
0
0.166667
0.0277778
0.037037
0.40625
0
0
0.1875
0
0.0666667
0.0454545
0
0.111111
0.037037
0.09375
0
0
0
0.030303
0.08
0.131579
0
0.12
0.25
0
0.297297
0
0
0.05
0
0.157895
0
0
0
0
0.342857
0
0.225806
0
0
0.135135
0.0526316
0
0.0344828
0.21875
0.0689655
0.0285714
0.166667
0.115385
0
0.0322581
0.378378
0
0.0285714
0.357143
0
0.114286
0.333333
0
0.0294118
0
0.272727
0.0909091
0
0
0.157895
0.04
0
0.166667
0.047619
0.0357143
0.0740741
0.0625
0.0416667
0
0
0.037037
0
0
0
0.12
0.243243
0.0294118
0.258065
0.290323
0.258065
0.0714286
0.037037
0
0.129032
0.0606061
0.027027
0
0
0.030303
0
0.178571
0.205882
0
0.178571
0.0416667
0.030303
0.030303
0.151515
0
0.266667
0
0
0
0
0.0344828
0.030303
0
0.030303
0
0
0.0769231
0
0.08
0.0625
0
0.0882353
0.296296
0.115385
0.151515
0.0952381
0
0.1
0.0454545
0.0645161
0
0.09375
0.222222
0.153846
0.214286
0
0
0.09375
0.08
0.0769231
