0.97289
0.98131
1.00183
0.97657
0.98131
0.97289
1.00183
0.98131
0.98679
0.98679
0.97289
0.97289
0.97289
0.97657
0.97289
0.97832
0.98679
0.98131
0.98131
0.98985
0.98131
0.97558
0.97289
0.97832
0.97832
0.97289
0.97558
0.98985
0.98131
0.97558
0.98679
0.97832
0.97558
0.98131
0.97558
0.97289
0.97558
0.98131
0.97289
0.98679
0.98131
0.97289
1.00183
0.98131
0.98679
0.97832
0.97558
0.97832
0.97558
0.97289
1.02504
0.96346
0.94613
1.16101
0.95284
0.97987
1.04521
0.93515
1.02944
0.94308
1.10002
1.21906
0.92702
1.04209
0.94862
0.94541
0.99552
1.07440
1.21765
1.01936
0.89431
1.03274
1.01771
0.99557
0.97845
0.95105
0.96407
0.94727
1.05505
0.98864
0.95718
1.00480
1.13563
0.94580
0.97097
0.97547
0.99376
1.01432
1.04911
1.00827
1.07440
0.97778
0.89413
0.95391
0.94430
0.99511
0.98588
1.09057
0.96557
0.96233
0.96516
1.00113
1.03920
1.01013
1.15724
1.27226
1.02744
1.09463
1.10742
1.34288
0.98107
1.08825
1.16906
0.91467
1.06015
1.04551
1.06075
0.96278
0.96904
0.96683
0.97047
0.97040
0.99391
1.03010
0.92787
1.03992
0.97203
0.92549
0.95223
1.09142
0.95651
0.95100
1.05151
1.03807
0.94441
0.95853
0.96559
0.99642
0.95462
0.94414
0.95957
0.97580
1.01309
1.15870
0.96064
1.34744
0.94572
1.00965
1.06598
1.01248
0.98381
0.94621
1.07077
1.02171
1.05013
1.00182
0.97800
1.02589
1.06591
1.13809
0.95546
0.94442
1.02288
1.26239
0.97773
0.99132
1.23660
0.95874
1.03660
1.00694
1.00552
0.93950
0.96002
0.96324
0.94401
1.21330
0.95117
0.96696
1.13498
0.99999
0.95701
0.98873
0.96556
0.94630
0.95331
1.23112
1.04199
1.04824
1.02347
0.93092
1.52830
0.98199
0.92672
0.96354
0.94941
0.96510
0.93859
1.10122
0.97976
0.93207
0.94166
1.24898
0.96465
0.97305
0.96415
1.07785
0.99738
0.94198
1.16393
1.04109
0.95985
1.03533
0.94228
0.93262
0.98804
0.98832
1.07169
0.92446
0.94822
0.99671
0.96647
0.98580
0.94483
1.27408
1.04015
0.90915
0.96402
1.04599
0.95067
0.94696
1.03134
0.92414
1.37664
0.95497
1.21765
0.94903
1.29021
0.98912
0.98994
1.01601
1.12546
0.91422
1.00791
1.03245
1.12083
0.91311
1.05701
0.98427
1.05964
0.98627
1.11392
0.94667
1.07682
0.97908
0.95534
1.07064
1.08969
0.94009
0.94622
0.96085
0.97046
0.93165
0.98878
0.94793
1.03268
0.93924
0.98740
0.94959
1.08312
0.93718
0.95891
0.93494
0.97685
0.94065
1.06810
0.94707
0.94834
0.90500
1.06105
1.02708
1.08174
1.18742
1.00390
0.95222
0.91728
0.92571
0.99002
0.96653
1.01302
1.35031
1.06942
1.11620
0.96441
1.01841
1.08676
0.95597
0.95601
0.93810
1.29983
1.12812
1.00970
1.24188
0.99048
1.07551
0.95218
1.43204
0.96080
1.02576
0.96001
0.97469
0.98896
1.02511
0.96071
0.97629
0.93654
0.94541
1.18800
1.02315
0.94288
1.04740
1.13585
0.96361
1.05519
1.03648
1.01485
0.93496
0.93984
1.03558
0.96009
1.06599
1.04733
1.03026
0.99693
1.09897
0.96537
1.00162
1.05947
0.93107
0.98007
0.96327
0.95943
1.56362
0.97906
0.96353
0.96888
1.10027
0.90092
1.02660
0.97288
0.98488
