Hello, LOF!
inserting kd tree...
searching k nearest neighbors...
6, 1.3369140625 
98, 1.4853515625 
164, 1.4853515625 
57, 0.221453065744 
35, 0.418685349481 
44, 0.498269397924 
36, 0.00118905659929 
165, 0.00118905659929 
88, 0.00118906349584 
181, 1.000140588449 
39, 1.003284665344 
119, 1.03024590548225 
4, 0 
168, 0.001479248521 
42, 0.001479248521 
84, 0.00390625 
192, 0.0791015625 
127, 1.0244140625 
164, 0.00390625 
98, 0.00390625 
62, 0.015625 
209, 0.00104056566084 
249, 0.00104058501561 
157, 0.01664920541124 
79, 0.000816302041000001 
155, 0.003265322449 
40, 0.013061289796 
96, 1.007785415225 
85, 1.013840816609 
117, 1.013840816609 
173, 0 
10, 0 
195, 0.00081632489796 
11, 0 
25, 0.071111288889 
7, 1.00001040578564 
114, 0.093363858025 
107, 0.111110888889 
20, 1.0000762129 
154, 0 
255, 1 
183, 1 
223, 0.00367307511481 
244, 0.00367307511481 
222, 0.00367309935721 
88, 0 
2, 0.00118906349584 
165, 0.00475624019025 
133, 0 
207, 0 
196, 0 
130, 0 
102, 0.00206611157025 
212, 0.00206611157025 
100, 0.194636262976 
20, 1.018992974225 
96, 1.4576116609 
229, 0 
227, 0 
72, 0.013061289796 
12, 1.0000762129 
18, 1.018992974225 
114, 1.088105080625 
174, 0.045918489796 
30, 0.103316602041 
143, 0.103316602041 
22, 0 
90, 0 
239, 0.0009765625 
125, 0.00104058501561 
27, 0.00936518772121 
111, 1 
24, 0 
127, 0.03515625 
170, 1.00104058501561 
11, 0.071111288889 
247, 0.071111288889 
86, 1.001943575396 
210, 0.000918271809 
192, 1.00080707696281 
78, 1.000918271809 
23, 0.00936518772121 
125, 0.016649257024 
129, 1.00388943064409 
188, 0 
33, 1.000825757696 
129, 1.01000006000009 
121, 0.000771561729 
37, 1.001164652129 
106, 1.002381342401 
143, 0 
254, 0.001275489796 
174, 0.011479622449 
43, 0.00111110888889 
169, 0.00111110888889 
175, 0.00111110888889 
43, 0 
32, 0 
169, 0 
47, 0.01070153008324 
188, 1.000825757696 
28, 1.000825757696 
158, 0.047258846881 
178, 0.047258846881 
182, 1.01599767102761 
44, 0.003460145329 
217, 0.021626349481 
57, 0.031142013841 
36, 0 
2, 0.00118905659929 
88, 0.00475624019025 
49, 0.000816359184000001 
176, 0.013061061225 
155, 0.013061289796 
52, 0.010701695601 
59, 0.029726587396 
11, 1.000011888704 
181, 0.002066157025 
3, 1.003284665344 
248, 1.07438028925625 
8, 0.013061289796 
79, 0.020408122449 
155, 0.029387902041 
148, 0 
91, 0 
246, 0.0025 
168, 0 
92, 0.001479248521 
4, 0.001479248521 
43, 0 
32, 0 
169, 0 
35, 0.003460145329 
217, 0.007785591696 
95, 0.031142013841 
172, 0 
103, 0.00277008531856 
246, 1 
69, 0.00091827786961 
138, 0.00091827786961 
221, 0.00091827786961 
33, 0.01070153008324 
71, 1 
163, 1 
63, 0.00137174677641 
115, 1 
58, 1.00109355214721 
37, 0.000816359184000001 
155, 0.007346889796 
79, 0.013061289796 
50, 0 
156, 0 
53, 2.1024 
99, 0 
68, 0.00127551122449 
190, 0.00127551122449 
59, 0.004756171225 
38, 0.010701695601 
254, 1.000054597321 
253, 1.027607151716 
139, 1.0576 
259, 1.05908637931361 
22, 0 
90, 0 
239, 0.0009765625 
257, 0.0009765625 
62, 0.0009765625 
251, 0.0009765625 
167, 0.00694450555569 
64, 1.00068593705216 
173, 1.00299886569161 
35, 0.031142013841 
44, 0.055363266436 
217, 0.1046716609 
219, 0.005101959184 
33, 1.000947900944 
48, 1.00109355214721 
52, 0.004756171225 
38, 0.029726587396 
143, 1.000668843044 
106, 0.059167157049 
140, 1.017313033241 
150, 1.024930831025 
232, 0 
61, 0 
240, 0 
55, 0.0009765625 
164, 0.00390625 
257, 0.00390625 
48, 0.00137174677641 
133, 1 
123, 1 
173, 0.00081633061225 
166, 0.00081633061225 
10, 0.00081633061225 
173, 1 
10, 1 
166, 1 
152, 0 
70, 0 
66, 0 
82, 0.001479248521 
243, 0.001479248521 
236, 0.00591713254441 
68, 0 
152, 0.00127551122449 
159, 0.00127551122449 
69, 0 
221, 0 
153, 0.000918271809 
152, 0 
70, 0 
66, 0 
71, 0 
163, 0 
255, 0.00118906349584 
227, 0.013061289796 
229, 0.013061289796 
19, 0.013061289796 
75, 0 
131, 0.00346020415225 
117, 0.00346020415225 
152, 0 
70, 0 
66, 0 
75, 0 
131, 0.00346020415225 
117, 0.00346020415225 
223, 0.008264446281 
244, 0.008264446281 
14, 0.02295676492201 
77, 0 
234, 0 
224, 0 
210, 1 
26, 1.000918271809 
14, 1.000918271809 
8, 0.000816302041000001 
155, 0.000816359183999999 
49, 0.013061289796 
216, 0.005102102041 
242, 1.002143319616 
51, 1.03188774489796 
81, 0 
101, 0.00226755963721 
189, 0.00226757868481 
82, 0 
67, 0.001479248521 
236, 0.00147931775161 
152, 0 
70, 0 
66, 0 
5, 0.00390625 
192, 0.0478515625 
127, 1.0087890625 
95, 1 
72, 1.000011296321 
241, 1.00086504809689 
203, 0.004162314256 
157, 0.009365400625 
209, 0.037461215401 
64, 0.01306131265321 
173, 0.02040829387776 
166, 0.02040829387776 
88, 0 
2, 0.00118906349584 
165, 0.00475624019025 
195, 0 
89, 0 
120, 0 
22, 0 
90, 0 
239, 0.0009765625 
148, 0 
91, 0 
246, 0.0025 
4, 0 
168, 0.001479248521 
42, 0.001479248521 
232, 0 
61, 0 
240, 0 
177, 1.111110888889 
194, 4 
235, 4 
241, 0.00086504809689 
217, 0.007785415225 
179, 0.00778545051904 
117, 0.000865065744 
75, 0.00778550346025 
73, 0.00778550346025 
97, 0 
130, 0.00206612066116 
17, 0.00206612066116 
164, 0 
62, 0.00390625 
6, 0.00390625 
99, 0 
68, 0.00127551122449 
190, 0.00127551122449 
18, 0.194636262976 
96, 1.055363266436 
117, 1.070069266436 
81, 0.00226755963721 
245, 0.00226755963721 
189, 0.009070276644 
102, 0 
212, 0 
130, 0.00206611157025 
172, 0.00277008531856 
45, 0.00277008531856 
148, 1.00000692531856 
149, 0 
139, 0.0064 
146, 1 
245, 1 
81, 1 
109, 1.000018740241 
60, 0.059167157049 
29, 1.002381342401 
121, 1.005863883776 
114, 0.000771617283999998 
12, 0.111110888889 
171, 1.000298149289 
146, 0 
108, 0 
220, 0.00173611388889 
182, 1 
97, 1 
105, 1.000018740241 
112, 0 
151, 1 
197, 1 
23, 1 
170, 1 
192, 1.00091457251561 
112, 0 
151, 1 
197, 1 
142, 0.0016 
186, 0.0144 
218, 0.0256 
107, 0.000771617283999998 
12, 0.093363858025 
171, 1.000110481121 
133, 0.00137174677641 
123, 0.00137174677641 
207, 0.00137174677641 
239, 0 
22, 0.0009765625 
90, 0.0009765625 
96, 0.000865065744 
75, 0.00346020415225 
73, 0.00346020415225 
54, 0.0009765625 
22, 0.0009765625 
90, 0.0009765625 
248, 1.001722416004 
208, 1.00756143289225 
3, 1.03024590548225 
195, 0 
89, 0 
120, 0 
29, 0.000771561729 
176, 1.002743769161 
37, 1.003832105216 
141, 0.00077160617284 
136, 0.00077160617284 
229, 1.00077160617284 
133, 0 
207, 0 
196, 0 
204, 1.013439069329 
205, 1.021958794225 
239, 1.1181640625 
23, 0.00104058501561 
27, 0.016649257024 
43, 1 
50, 0 
156, 0 
53, 2.1024 
24, 0.03515625 
128, 0.03515625 
164, 1.0009765625 
24, 0 
127, 0.03515625 
170, 1.00104058501561 
31, 0.00111111555556 
43, 0.00444444888889 
175, 0.00444444888889 
130, 0 
102, 0.00206611157025 
212, 0.00206611157025 
75, 0.00346020415225 
73, 0.00346020415225 
117, 0.013840816609 
191, 0.00137173196161 
162, 0.012345654321 
252, 0.012345654321 
133, 0 
207, 0 
196, 0 
257, 0 
134, 0 
55, 0.0009765625 
135, 0 
137, 1 
145, 1.088385506209 
141, 0 
122, 0.00077160617284 
229, 1 
144, 1 
77, 1 
135, 1 
69, 0 
221, 0 
153, 0.000918271809 
149, 0.0064 
104, 0.0064 
42, 1.001252098225 
150, 0.000692531856 
161, 1.00623269196676 
106, 1.012468848896 
141, 0 
122, 0.00077160617284 
229, 1 
113, 0.0016 
186, 0.0064 
218, 0.0144 
143, 0 
254, 0.001275489796 
174, 0.011479622449 
135, 0 
137, 1 
145, 1.088385506209 
171, 0.006574128561 
107, 1.004072226596 
114, 1.008389094464 
146, 0 
108, 0 
220, 0.00173611388889 
180, 1 
216, 2.031887602041 
80, 2.0625 
148, 0 
91, 0 
246, 0.0025 
149, 0 
139, 0.0064 
146, 1 
140, 0.000692531856 
106, 1.007284281104 
161, 1.01108038337956 
250, 0 
110, 1 
180, 1 
152, 0 
70, 0 
66, 0 
69, 0.000918271809 
221, 0.000918271809 
138, 0.000918271809 
154, 0 
255, 1 
183, 1 
79, 0.000816359183999999 
8, 0.003265322449 
49, 0.007346889796 
50, 0 
156, 0 
53, 2.1024 
203, 0.001040643081 
209, 0.009365207076 
86, 0.009365400625 
158, 0 
34, 0.047258846881 
102, 1 
152, 0 
70, 0 
66, 0 
201, 0.011687339664 
211, 1.011687339664 
167, 2.000994267024 
140, 1.00623269196676 
150, 1.01108038337956 
60, 2.00277008531856 
191, 0.00548697229081 
132, 0.012345654321 
252, 0.049382617284 
71, 0 
163, 0 
255, 0.00118906349584 
164, 0 
62, 0.00390625 
6, 0.00390625 
36, 0 
2, 0.00118905659929 
88, 0.00475624019025 
173, 0 
10, 0 
195, 0.00081632489796 
56, 0.00694450555569 
87, 1.000022676644 
64, 1.01199552848081 
168, 0 
92, 0.001479248521 
4, 0.001479248521 
43, 0 
32, 0 
169, 0 
111, 1 
249, 1.001040578564 
198, 1.00104058501561 
145, 0.006574128561 
114, 1.000110481121 
107, 1.000298149289 
172, 0 
103, 0.00277008531856 
246, 1 
173, 0 
10, 0 
195, 0.00081632489796 
143, 0.011479622449 
30, 0.011479622449 
254, 0.020408122449 
43, 0 
32, 0 
169, 0 
37, 0.013061061225 
49, 0.020408122449 
155, 0.052244702041 
101, 1.036281106576 
245, 1.05668918140601 
81, 1.05668918140601 
158, 0 
34, 0.047258846881 
102, 1 
179, 0 
241, 0.00346020415225 
95, 0.00778545051904 
147, 1 
250, 1 
151, 1 
39, 0.002066157025 
3, 1.000140588449 
248, 1.05165278925625 
97, 0 
130, 0.00206612066116 
17, 0.00206612066116 
13, 1 
154, 1 
162, 1 
102, 0 
212, 0 
130, 0.00206611157025 
105, 8.00392588711761 
103, 9.01108038337956 
181, 9.013186388224 
256, 0.0016 
237, 0.0016 
218, 0.0016 
77, 0 
234, 0 
224, 0 
188, 0 
33, 1.000825757696 
129, 1.01000006000009 
213, 0.002267569161 
194, 0.002267569161 
245, 0.00226757868481 
68, 0 
152, 0.00127551122449 
159, 0.00127551122449 
132, 0.00137173196161 
162, 0.00548697229081 
252, 0.02194780027441 
84, 0.0478515625 
5, 0.0791015625 
116, 1 
220, 1 
208, 1.00173611388889 
146, 1.00173611388889 
213, 0 
189, 0.002267569161 
245, 0.00907029569161 
195, 0 
89, 0 
120, 0 
133, 0 
207, 0 
196, 0 
112, 1 
110, 1 
100, 2.146193816609 
255, 1 
170, 1.00104058501561 
71, 1.00118906349584 
195, 0 
89, 0 
120, 0 
142, 1 
139, 1.0016 
113, 1.0016 
160, 0.011687339664 
211, 1.046749358656 
167, 2.005863883776 
179, 0 
241, 0.00346020415225 
95, 0.00778545051904 
157, 0.001040643081 
86, 0.004162314256 
209, 0.016649515089 
205, 0.001040578564 
225, 1.000559606336 
124, 1.013439069329 
204, 0.001040578564 
225, 1.000073994404 
27, 1.016649515089 
254, 0.02040823673476 
30, 0.03188774489796 
143, 0.03188774489796 
133, 0 
207, 0 
196, 0 
256, 1 
237, 1 
218, 1 
7, 0.00104056566084 
249, 0.00416230135281 
157, 0.009365207076 
26, 0.000918271809 
46, 1 
78, 1 
56, 1.00317039941969 
160, 1.011687339664 
167, 1.0194993296 
102, 0 
212, 0 
130, 0.00206611157025 
213, 0 
189, 0.002267569161 
245, 0.00907029569161 
222, 0 
214, 0 
231, 0 
238, 0.0064 
258, 0.0064 
256, 1 
80, 0.005102102041 
99, 1.01147949387776 
51, 1.01147949387776 
95, 0.007785415225 
44, 0.007785591696 
241, 0.01384074602089 
256, 0 
237, 0 
186, 0.0016 
58, 0.005101959184 
33, 1.0016516096 
48, 1.01091960210961 
146, 0.00173611388889 
108, 0.00173611388889 
226, 0.00173611388889 
69, 0 
221, 0 
153, 0.000918271809 
222, 0 
214, 0 
231, 0 
223, 0 
14, 0.00367307511481 
76, 0.008264446281 
77, 0 
234, 0 
224, 0 
205, 1.000073994404 
204, 1.000559606336 
129, 1.04000012000009 
146, 0 
108, 0 
220, 0.00173611388889 
229, 0 
227, 0 
72, 0.013061289796 
232, 0 
61, 0 
240, 0 
229, 0 
227, 0 
72, 0.013061289796 
71, 0 
163, 0 
255, 0.00118906349584 
222, 0 
214, 0 
231, 0 
232, 0 
61, 0 
240, 0 
222, 0 
214, 0 
231, 0 
77, 0 
234, 0 
224, 0 
94, 4 
172, 4 
45, 4 
82, 0.00147931775161 
243, 0.00147931775161 
67, 0.00591713254441 
256, 0 
237, 0 
186, 0.0016 
258, 0 
215, 0.0064 
236, 1.00000946731361 
239, 0 
22, 0.0009765625 
90, 0.0009765625 
232, 0 
61, 0 
240, 0 
95, 0.00086504809689 
202, 0.00346020415225 
179, 0.00346020415225 
80, 1.002143319616 
216, 1.013859175625 
253, 1.0202920025 
82, 0 
67, 0.001479248521 
236, 0.00147931775161 
223, 0 
14, 0.00367307511481 
76, 0.008264446281 
81, 0 
101, 0.00226755963721 
189, 0.00226757868481 
148, 0.0025 
91, 0.0025 
41, 0.0025 
11, 0 
25, 0.071111288889 
7, 1.00001040578564 
119, 1.001722416004 
109, 1.00206612066116 
181, 1.05165278925625 
7, 0.00104058501561 
209, 0.00416230135281 
157, 0.02601443184201 
250, 0 
110, 1 
180, 1 
257, 0 
134, 0 
55, 0.0009765625 
132, 0.012345654321 
191, 0.02194780027441 
162, 0.049382617284 
259, 0.00591713254441 
92, 1 
4, 1 
143, 0.001275489796 
30, 0.001275489796 
174, 0.020408122449 
71, 0.00118906349584 
163, 0.00118906349584 
230, 0.00118906349584 
256, 0 
237, 0 
186, 0.0016 
257, 0 
134, 0 
55, 0.0009765625 
258, 0 
215, 0.0064 
236, 1.00000946731361 
253, 0.00591713254441 
42, 1.00147931775161 
168, 1.00147931775161 
LOF......
LOF took 0.00 seconds user time.

