2.63899
2.62876
2.61280
2.61872
2.62373
2.62395
2.61280
2.62373
2.60260
2.60260
2.62395
2.59291
2.59291
2.61872
2.63899
2.60258
2.60260
2.61279
2.61350
2.61853
2.60313
2.59239
2.59291
2.60258
2.62299
2.62395
2.59239
2.62359
2.62373
2.63395
2.60831
2.60328
2.60849
2.61279
2.62809
2.63321
2.60849
2.60313
2.63899
2.60768
2.62373
2.61282
2.61280
2.62301
2.60260
2.60258
2.59239
2.62299
2.63395
2.63899
1.04612
0.99110
0.99668
1.12291
0.94537
1.01226
1.03049
0.93760
1.01435
0.97211
1.06960
1.08218
0.95720
1.02760
1.00513
0.97739
1.03300
1.07910
1.13506
1.02062
0.98220
1.02389
0.99894
0.98737
1.00658
0.95713
0.97339
0.94990
1.03923
1.01523
0.96508
1.04313
1.09292
1.00176
0.97433
0.90994
1.02971
1.04568
1.04650
1.04281
1.07910
1.01875
0.99336
0.94908
0.97321
1.01787
1.01058
1.02266
0.93371
0.91980
1.01585
1.00882
1.04287
1.00868
1.10152
1.11485
1.05167
1.06953
1.08006
1.13668
0.90741
1.04514
1.07563
0.96180
1.02119
1.05809
1.07109
1.00373
1.00782
1.00086
0.91719
1.01196
1.02099
1.02558
0.98553
1.01793
1.01433
0.94645
0.93032
1.05015
1.00374
0.99713
1.02867
1.02875
0.95316
0.97321
1.00417
1.01547
0.99670
0.95158
0.99312
1.01390
1.00965
1.06445
1.00974
1.14303
0.92816
1.01567
1.04636
1.03345
0.98314
0.93528
1.07548
1.05062
1.01606
1.01059
0.96895
1.02465
1.03625
1.04311
1.00303
0.92842
1.02564
1.11492
1.01119
1.00639
1.10720
1.00261
1.03126
1.03206
1.02762
0.99265
0.98762
1.00306
0.98006
1.13183
0.99499
0.98583
1.03960
1.02682
0.99763
1.02792
1.00504
0.92700
1.00916
1.14200
1.05848
1.05638
1.03613
0.96658
1.23016
1.01603
0.94498
0.96207
1.00635
1.01081
1.00215
1.04433
1.01536
0.99638
0.97427
1.10837
0.92296
1.01269
0.99583
1.03323
1.01245
0.99903
1.07947
1.04040
0.98617
1.04576
0.97454
0.99198
1.01105
1.01265
1.06400
0.96712
0.94554
1.01981
0.97632
1.01314
0.97003
1.15825
1.03046
0.99301
0.99347
1.03998
0.93387
0.95683
1.03985
0.95947
1.17895
0.95512
1.13506
0.95682
1.12253
1.01347
0.99725
1.04413
1.08826
0.96332
1.02685
1.00649
1.03686
0.95096
1.03823
0.91237
1.05511
1.02793
1.05140
0.96685
1.02976
1.01650
1.00392
1.04261
1.04043
0.95557
0.93649
0.92201
1.01064
0.96277
0.98343
0.95399
1.02610
0.95390
0.90974
0.98057
1.04493
0.94694
1.00666
0.99729
1.01378
0.93991
1.04864
0.97078
0.96713
0.96582
1.05243
1.05829
1.06330
1.04035
1.03973
0.99514
0.97990
0.98215
0.90599
1.00330
1.02699
1.14138
1.08002
1.06594
0.98681
1.01394
1.08419
0.98168
0.92738
0.93998
1.15417
1.08562
1.00584
1.15523
1.02028
1.03328
0.95554
1.19167
0.95389
1.02063
0.91910
1.01842
1.00680
1.05110
0.99375
0.90840
0.93879
0.97739
1.11703
1.01027
0.99917
1.03051
1.09214
0.99704
1.05168
1.03754
1.04190
1.00028
0.95360
1.05356
0.98798
1.05522
1.02020
1.04816
1.01762
1.02767
1.00098
1.01877
1.06712
0.96381
0.97775
0.98237
1.00660
1.24674
1.02845
0.93537
1.01868
1.07470
0.97670
1.00684
1.01050
1.01239
