29 225
124 121
195 41
79 80
75 21
27 12
77 39
86 29
65 32
82 13
31 47
15 68
78 66
19 7
49 99
83 33
81 28
68 69
66 54
61 64
72 41
87 47
92 40
87 77
30 93
76 6
74 33
22 54
5 82
30 72
87 32
38 23
65 81
57 71
74 95
68 71
5 25
19 60
82 94
41 20
61 3
28 28
90 21
94 84
95 70
22 11
13 73
90 34
65 32
95 7
7 88
6 83
35 94
77 92
36 33
46 84
67 76
43 53
46 18
24 44
7 15
63 11
89 14
90 40
65 25
49 87
68 22
2 52
37 60
36 76
34 10
45 8
4 46
3 37
7 72
44 50
6 29
52 32
19 56
7 90
56 55
83 42
33 78
20 69
66 2
58 76
61 63
11 44
14 39
71 76
81 1
2 31
55 76
11 60
51 6
10 82
70 52
24 13
39 62
21 32
35 98
168 195
212 242
224 246
199 193
238 241
229 218
172 170
187 235
157 218
208 221
187 188
240 210
231 235
229 206
192 167
152 249
195 154
220 230
228 222
233 228
211 190
248 160
211 187
170 234
184 209
184 221
207 199
221 240
205 243
217 196
152 167
192 175
189 208
224 226
206 185
194 227
184 181
249 190
162 156
202 153
181 232
160 233
209 184
227 181
153 183
205 168
248 240
219 156
225 225
216 189
182 168
237 241
235 241
205 196
237 241
165 225
194 186
220 168
205 248
185 181
168 174
227 202
200 236
171 167
224 189
175 210
216 204
211 203
172 173
238 225
185 202
171 170
209 235
152 181
182 193
168 171
164 167
162 240
198 230
174 249
181 151
214 169
246 174
229 231
177 235
246 156
167 245
187 221
203 179
242 198
236 188
163 236
243 215
247 164
234 167
190 231
188 203
219 228
162 175
244 238
