1.4375 32
1 34
.0344828 29
.26087 23
.153846 26
.34375 32
.28125 32
.0967742 31
.4 35
.235294 34
.0285714 35
.1 30
.694444 36
.0909091 33
.037037 27
.0454545 22
.823529 34
.685714 35
.571429 28
.03125 32
.0322581 31
.366667 30
.0909091 33
.129032 31
.166667 30
.194444 36
.25 28
.0333333 30
.137931 29
.217391 23
.352941 34
.0689655 29
.228571 35
.103448 29
.318182 22
.514286 35
.05 20
.115385 26
.294118 34
.0606061 33
.0344828 29
.0740741 27
.257143 35
.0714286 28
.206897 29
.32 25
.03125 32
.125 32
.0833333 36
.529412 34
.107143 28
.275862 29
.15625 32
.037037 27
.0571429 35
.0285714 35
.153846 26
.0357143 28
.030303 33
.0344828 29
.114286 35
.0588235 34
.0588235 34
.242424 33
.0606061 33
.371429 35
.25 28
.0952381 21
.115385 26
.28125 32
.117647 34
.322581 31
.171429 35
.03125 32
.05 20
.153846 26
.117647 34
.147059 34
.0909091 22
.21875 32
.0714286 28
.382353 34
.142857 21
.0526316 19
.0952381 21
.243243 37
.361111 36
.0909091 22
.0322581 31
.16 25
.388889 36
.0740741 27
.0625 32
.117647 34
.0869565 23
.166667 36
.0277778 36
.037037 27
.40625 32
.1875 32
.0666667 30
.0454545 22
.111111 27
.037037 27
.09375 32
.030303 33
.08 25
.131579 38
.12 25
.25 28
.297297 37
.05 20
.157895 38
.342857 35
.225806 31
.135135 37
.0526316 38
.0344828 29
.21875 32
.0689655 29
.0285714 35
.166667 36
.115385 26
.0322581 31
.378378 37
.0285714 35
.357143 28
.114286 35
.333333 21
.0294118 34
.272727 22
.0909091 22
.157895 19
.04 25
.166667 30
.047619 21
.0357143 28
.0740741 27
.0625 32
.0416667 24
.037037 27
.12 25
.243243 37
.0294118 34
.258065 31
.290323 31
.258065 31
.0714286 28
.037037 27
.129032 31
.0606061 33
.027027 37
.030303 33
.178571 28
.205882 34
.178571 28
.0416667 24
.030303 33
.030303 33
.151515 33
.266667 30
.0344828 29
.030303 33
.030303 33
.0769231 26
.08 25
.0625 32
.0882353 34
.296296 27
.115385 26
.151515 33
.0952381 21
.1 30
.0454545 22
.0645161 31
.09375 32
.222222 27
.153846 26
.214286 28
.09375 32
.08 25
.0769231 26
