1.4375 32 6
1 34 6
.0344828 29 3
.26087 23 6
.153846 26 3
.34375 32 4
.28125 32 6
.0967742 31 6
.4 35 6
.235294 34 4
.0285714 35 3
.1 30 6
.694444 36 2
.0909091 33 6
.037037 27 3
.0454545 22 3
.823529 34 2
.685714 35 2
.571429 28 6
.03125 32 3
.0322581 31 3
.366667 30 6
.0909091 33 4
.129032 31 3
.166667 30 4
.194444 36 6
.25 28 6
.0333333 30 3
.137931 29 4
.217391 23 3
.352941 34 6
.0689655 29 3
.228571 35 6
.103448 29 6
.318182 22 6
.514286 35 6
.05 20 3
.115385 26 3
.294118 34 6
.0606061 33 3
.0344828 29 4
.0740741 27 4
.257143 35 6
.0714286 28 3
.206897 29 6
.32 25 2
.03125 32 3
.125 32 6
.0833333 36 3
.529412 34 6
.107143 28 4
.275862 29 6
.15625 32 6
.037037 27 4
.0571429 35 3
.0285714 35 4
.153846 26 6
.0357143 28 3
.030303 33 3
.0344828 29 5
.114286 35 5
.0588235 34 3
.0588235 34 3
.242424 33 6
.0606061 33 5
.371429 35 6
.25 28 2
.0952381 21 3
.115385 26 6
.28125 32 4
.117647 34 5
.322581 31 6
.171429 35 3
.03125 32 3
.05 20 3
.153846 26 3
.117647 34 6
.147059 34 3
.0909091 22 3
.21875 32 6
.0714286 28 3
.382353 34 2
.142857 21 3
.0526316 19 3
.0952381 21 4
.243243 37 6
.361111 36 2
.0909091 22 4
.0322581 31 4
.16 25 5
.388889 36 2
.0740741 27 3
.0625 32 3
.117647 34 3
.0869565 23 5
.166667 36 6
.0277778 36 5
.037037 27 3
.40625 32 2
.1875 32 5
.0666667 30 3
.0454545 22 3
.111111 27 6
.037037 27 3
.09375 32 6
.030303 33 3
.08 25 3
.131579 38 6
.12 25 5
.25 28 6
.297297 37 2
.05 20 3
.157895 38 6
.342857 35 6
.225806 31 6
.135135 37 4
.0526316 38 5
.0344828 29 5
.21875 32 6
.0689655 29 3
.0285714 35 3
.166667 36 3
.115385 26 3
.0322581 31 5
.378378 37 2
.0285714 35 3
.357143 28 6
.114286 35 6
.333333 21 2
.0294118 34 6
.272727 22 6
.0909091 22 3
.157895 19 6
.04 25 5
.166667 30 4
.047619 21 3
.0357143 28 3
.0740741 27 6
.0625 32 4
.0416667 24 4
.037037 27 3
.12 25 4
.243243 37 4
.0294118 34 6
.258065 31 6
.290323 31 2
.258065 31 2
.0714286 28 6
.037037 27 3
.129032 31 6
.0606061 33 4
.027027 37 3
.030303 33 6
.178571 28 2
.205882 34 6
.178571 28 4
.0416667 24 3
.030303 33 3
.030303 33 6
.151515 33 6
.266667 30 2
.0344828 29 5
.030303 33 6
.030303 33 6
.0769231 26 6
.08 25 6
.0625 32 3
.0882353 34 6
.296296 27 2
.115385 26 6
.151515 33 6
.0952381 21 3
.1 30 6
.0454545 22 5
.0645161 31 6
.09375 32 6
.222222 27 6
.153846 26 2
.214286 28 6
.09375 32 6
.08 25 6
.0769231 26 2
