1.4375
1
.0344828
.26087
.153846
.34375
.28125
.0967742
.4
.235294
.0285714
.1
.694444
.0909091
.037037
.0454545
.823529
.685714
.571429
.03125
.0322581
.366667
.0909091
.129032
.166667
.194444
.25
.0333333
.137931
.217391
.352941
.0689655
.228571
.103448
.318182
.514286
.05
.115385
.294118
.0606061
.0344828
.0740741
.257143
.0714286
.206897
.32
.03125
.125
.0833333
.529412
.107143
.275862
.15625
.037037
.0571429
.0285714
.153846
.0357143
.030303
.0344828
.114286
.0588235
.0588235
.242424
.0606061
.371429
.25
.0952381
.115385
.28125
.117647
.322581
.171429
.03125
.05
.153846
.117647
.147059
.0909091
.21875
.0714286
.382353
.142857
.0526316
.0952381
.243243
.361111
.0909091
.0322581
.16
.388889
.0740741
.0625
.117647
.0869565
.166667
.0277778
.037037
.40625
.1875
.0666667
.0454545
.111111
.037037
.09375
.030303
.08
.131579
.12
.25
.297297
.05
.157895
.342857
.225806
.135135
.0526316
.0344828
.21875
.0689655
.0285714
.166667
.115385
.0322581
.378378
.0285714
.357143
.114286
.333333
.0294118
.272727
.0909091
.157895
.04
.166667
.047619
.0357143
.0740741
.0625
.0416667
.037037
.12
.243243
.0294118
.258065
.290323
.258065
.0714286
.037037
.129032
.0606061
.027027
.030303
.178571
.205882
.178571
.0416667
.030303
.030303
.151515
.266667
.0344828
.030303
.030303
.0769231
.08
.0625
.0882353
.296296
.115385
.151515
.0952381
.1
.0454545
.0645161
.09375
.222222
.153846
.214286
.09375
.08
.0769231
