1.4375 46 32 6
1 34 34 6
0.0344828 1 29 3
0.26087 6 23 6
0.153846 4 26 3
0.34375 11 32 4
0.28125 9 32 6
0.0967742 3 31 6
0.4 14 35 6
0.235294 8 34 4
0.0285714 1 35 3
0.1 3 30 6
0.694444 25 36 2
0 0 28 5
0.0909091 3 33 6
0 0 29 3
0.037037 1 27 3
0.0454545 1 22 3
0.823529 28 34 2
0 0 35 5
0.685714 24 35 2
0.571429 16 28 6
0.03125 1 32 3
0.0322581 1 31 3
0 0 32 5
0.366667 11 30 6
0.0909091 3 33 4
0.129032 4 31 3
0.166667 5 30 4
0.194444 7 36 6
0.25 7 28 6
0.0333333 1 30 3
0 0 30 3
0.137931 4 29 4
0.217391 5 23 3
0.352941 12 34 6
0.0689655 2 29 3
0.228571 8 35 6
0.103448 3 29 6
0.318182 7 22 6
0.514286 18 35 6
0.05 1 20 3
0.115385 3 26 3
0 0 30 3
0.294118 10 34 6
0 0 19 3
0.0606061 2 33 3
0.0344828 1 29 4
0.0740741 2 27 4
0.257143 9 35 6
0 0 24 1
0.0714286 2 28 3
0.206897 6 29 6
0.32 8 25 2
0.03125 1 32 3
0.125 4 32 6
0.0833333 3 36 3
0.529412 18 34 6
0.107143 3 28 4
0.275862 8 29 6
0 0 37 6
0 0 26 3
0.15625 5 32 6
0.037037 1 27 4
0.0571429 2 35 3
0.0285714 1 35 4
0 0 28 3
0.153846 4 26 6
0.0357143 1 28 3
0.030303 1 33 3
0 0 28 3
0.0344828 1 29 5
0.114286 4 35 5
0.0588235 2 34 3
0 0 28 3
0.0588235 2 34 3
0.242424 8 33 6
0 0 35 1
0.0606061 2 33 5
0.371429 13 35 6
0.25 7 28 2
0.0952381 2 21 3
0.115385 3 26 6
0 0 28 3
0.28125 9 32 4
0.117647 4 34 5
0.322581 10 31 6
0.171429 6 35 3
0 0 29 3
0 0 35 3
0.03125 1 32 3
0.05 1 20 3
0.153846 4 26 3
0 0 26 3
0 0 21 1
0.117647 4 34 6
0.147059 5 34 3
0.0909091 2 22 3
0.21875 7 32 6
0.0714286 2 28 3
0.382353 13 34 2
0.142857 3 21 3
0 0 22 3
0.0526316 1 19 3
0 0 25 3
0.0952381 2 21 4
0.243243 9 37 6
0.361111 13 36 2
0 0 24 3
0.0909091 2 22 4
0 0 32 1
0.0322581 1 31 4
0 0 32 1
0.16 4 25 5
0.388889 14 36 2
0.0740741 2 27 3
0.0625 2 32 3
0.117647 4 34 3
0 0 32 3
0.0869565 2 23 5
0 0 35 3
0.166667 6 36 6
0.0277778 1 36 5
0.037037 1 27 3
0.40625 13 32 2
0 0 31 3
0 0 24 1
0.1875 6 32 5
0 0 32 5
0.0666667 2 30 3
0.0454545 1 22 3
0 0 34 3
0.111111 3 27 6
0.037037 1 27 3
0.09375 3 32 6
0 0 37 1
0 0 36 5
0 0 36 1
0.030303 1 33 3
0.08 2 25 3
0.131579 5 38 6
0 0 36 5
0.12 3 25 5
0.25 7 28 6
0 0 37 1
0.297297 11 37 2
0 0 24 3
0 0 29 1
0.05 1 20 3
0 0 25 3
0.157895 6 38 6
0 0 31 1
0 0 28 3
0 0 33 3
0 0 28 5
0.342857 12 35 6
0 0 24 1
0.225806 7 31 6
0 0 23 3
0 0 28 3
0.135135 5 37 4
0.0526316 2 38 5
0 0 27 6
0.0344828 1 29 5
0.21875 7 32 6
0.0689655 2 29 3
0.0285714 1 35 3
0.166667 6 36 3
0.115385 3 26 3
0 0 30 3
0.0322581 1 31 5
0.378378 14 37 2
0 0 19 3
0.0285714 1 35 3
0.357143 10 28 6
0 0 30 3
0.114286 4 35 6
0.333333 7 21 2
0 0 23 3
0.0294118 1 34 6
0 0 30 1
0.272727 6 22 6
0.0909091 2 22 3
0 0 27 5
0 0 22 3
0.157895 3 19 6
0.04 1 25 5
0 0 35 1
0.166667 5 30 4
0.047619 1 21 3
0.0357143 1 28 3
0.0740741 2 27 6
0.0625 2 32 4
0.0416667 1 24 4
0 0 21 3
0 0 35 3
0.037037 1 27 3
0 0 33 1
0 0 30 5
0 0 35 3
0.12 3 25 4
0.243243 9 37 4
0.0294118 1 34 6
0.258065 8 31 6
0.290323 9 31 2
0.258065 8 31 2
0.0714286 2 28 6
0.037037 1 27 3
0 0 24 5
0.129032 4 31 6
0.0606061 2 33 4
0.027027 1 37 3
0 0 22 3
0 0 21 3
0.030303 1 33 6
0 0 25 6
0.178571 5 28 2
0.205882 7 34 6
0 0 25 5
0.178571 5 28 4
0.0416667 1 24 3
0.030303 1 33 3
0.030303 1 33 6
0.151515 5 33 6
0 0 35 1
0.266667 8 30 2
0 0 24 3
0 0 35 5
0 0 26 3
0 0 35 5
0.0344828 1 29 5
0.030303 1 33 6
0 0 26 3
0.030303 1 33 6
0 0 35 1
0 0 19 1
0.0769231 2 26 6
0 0 25 5
0.08 2 25 6
0.0625 2 32 3
0 0 26 3
0.0882353 3 34 6
0.296296 8 27 2
0.115385 3 26 6
0.151515 5 33 6
0.0952381 2 21 3
0 0 20 3
0.1 3 30 6
0.0454545 1 22 5
0.0645161 2 31 6
0 0 31 1
0.09375 3 32 6
0.222222 6 27 6
0.153846 4 26 2
0.214286 6 28 6
0 0 29 5
0 0 25 5
0.09375 3 32 6
0.08 2 25 6
0.0769231 2 26 2
