46 32 6
34 34 6
1 29 3
6 23 6
4 26 3
11 32 4
9 32 6
3 31 6
14 35 6
8 34 4
1 35 3
3 30 6
25 36 2
0 28 5
3 33 6
0 29 3
1 27 3
1 22 3
28 34 2
0 35 5
24 35 2
16 28 6
1 32 3
1 31 3
0 32 5
11 30 6
3 33 4
4 31 3
5 30 4
7 36 6
7 28 6
1 30 3
0 30 3
4 29 4
5 23 3
12 34 6
2 29 3
8 35 6
3 29 6
7 22 6
18 35 6
1 20 3
3 26 3
0 30 3
10 34 6
0 19 3
2 33 3
1 29 4
2 27 4
9 35 6
0 24 1
2 28 3
6 29 6
8 25 2
1 32 3
4 32 6
3 36 3
18 34 6
3 28 4
8 29 6
0 37 6
0 26 3
5 32 6
1 27 4
2 35 3
1 35 4
0 28 3
4 26 6
1 28 3
1 33 3
0 28 3
1 29 5
4 35 5
2 34 3
0 28 3
2 34 3
8 33 6
0 35 1
2 33 5
13 35 6
7 28 2
2 21 3
3 26 6
0 28 3
9 32 4
4 34 5
10 31 6
6 35 3
0 29 3
0 35 3
1 32 3
1 20 3
4 26 3
0 26 3
0 21 1
4 34 6
5 34 3
2 22 3
7 32 6
2 28 3
13 34 2
3 21 3
0 22 3
1 19 3
0 25 3
2 21 4
9 37 6
13 36 2
0 24 3
2 22 4
0 32 1
1 31 4
0 32 1
4 25 5
14 36 2
2 27 3
2 32 3
4 34 3
0 32 3
2 23 5
0 35 3
6 36 6
1 36 5
1 27 3
13 32 2
0 31 3
0 24 1
6 32 5
0 32 5
2 30 3
1 22 3
0 34 3
3 27 6
1 27 3
3 32 6
0 37 1
0 36 5
0 36 1
1 33 3
2 25 3
5 38 6
0 36 5
3 25 5
7 28 6
0 37 1
11 37 2
0 24 3
0 29 1
1 20 3
0 25 3
6 38 6
0 31 1
0 28 3
0 33 3
0 28 5
12 35 6
0 24 1
7 31 6
0 23 3
0 28 3
5 37 4
2 38 5
0 27 6
1 29 5
7 32 6
2 29 3
1 35 3
6 36 3
3 26 3
0 30 3
1 31 5
14 37 2
0 19 3
1 35 3
10 28 6
0 30 3
4 35 6
7 21 2
0 23 3
1 34 6
0 30 1
6 22 6
2 22 3
0 27 5
0 22 3
3 19 6
1 25 5
0 35 1
5 30 4
1 21 3
1 28 3
2 27 6
2 32 4
1 24 4
0 21 3
0 35 3
1 27 3
0 33 1
0 30 5
0 35 3
3 25 4
9 37 4
1 34 6
8 31 6
9 31 2
8 31 2
2 28 6
1 27 3
0 24 5
4 31 6
2 33 4
1 37 3
0 22 3
0 21 3
1 33 6
0 25 6
5 28 2
7 34 6
0 25 5
5 28 4
1 24 3
1 33 3
1 33 6
5 33 6
0 35 1
8 30 2
0 24 3
0 35 5
0 26 3
0 35 5
1 29 5
1 33 6
0 26 3
1 33 6
0 35 1
0 19 1
2 26 6
0 25 5
2 25 6
2 32 3
0 26 3
3 34 6
8 27 2
3 26 6
5 33 6
2 21 3
0 20 3
3 30 6
1 22 5
2 31 6
0 31 1
3 32 6
6 27 6
4 26 2
6 28 6
0 29 5
0 25 5
3 32 6
2 25 6
2 26 2
