1.4375 32 6
1 34 6
0.0344828 29 3
0.26087 23 6
0.153846 26 3
0.34375 32 4
0.28125 32 6
0.0967742 31 6
0.4 35 6
0.235294 34 4
0.0285714 35 3
0.1 30 6
0.694444 36 2
0 28 5
0.0909091 33 6
0 29 3
0.037037 27 3
0.0454545 22 3
0.823529 34 2
0 35 5
0.685714 35 2
0.571429 28 6
0.03125 32 3
0.0322581 31 3
0 32 5
0.366667 30 6
0.0909091 33 4
0.129032 31 3
0.166667 30 4
0.194444 36 6
0.25 28 6
0.0333333 30 3
0 30 3
0.137931 29 4
0.217391 23 3
0.352941 34 6
0.0689655 29 3
0.228571 35 6
0.103448 29 6
0.318182 22 6
0.514286 35 6
0.05 20 3
0.115385 26 3
0 30 3
0.294118 34 6
0 19 3
0.0606061 33 3
0.0344828 29 4
0.0740741 27 4
0.257143 35 6
0 24 1
0.0714286 28 3
0.206897 29 6
0.32 25 2
0.03125 32 3
0.125 32 6
0.0833333 36 3
0.529412 34 6
0.107143 28 4
0.275862 29 6
0 37 6
0 26 3
0.15625 32 6
0.037037 27 4
0.0571429 35 3
0.0285714 35 4
0 28 3
0.153846 26 6
0.0357143 28 3
0.030303 33 3
0 28 3
0.0344828 29 5
0.114286 35 5
0.0588235 34 3
0 28 3
0.0588235 34 3
0.242424 33 6
0 35 1
0.0606061 33 5
0.371429 35 6
0.25 28 2
0.0952381 21 3
0.115385 26 6
0 28 3
0.28125 32 4
0.117647 34 5
0.322581 31 6
0.171429 35 3
0 29 3
0 35 3
0.03125 32 3
0.05 20 3
0.153846 26 3
0 26 3
0 21 1
0.117647 34 6
0.147059 34 3
0.0909091 22 3
0.21875 32 6
0.0714286 28 3
0.382353 34 2
0.142857 21 3
0 22 3
0.0526316 19 3
0 25 3
0.0952381 21 4
0.243243 37 6
0.361111 36 2
0 24 3
0.0909091 22 4
0 32 1
0.0322581 31 4
0 32 1
0.16 25 5
0.388889 36 2
0.0740741 27 3
0.0625 32 3
0.117647 34 3
0 32 3
0.0869565 23 5
0 35 3
0.166667 36 6
0.0277778 36 5
0.037037 27 3
0.40625 32 2
0 31 3
0 24 1
0.1875 32 5
0 32 5
0.0666667 30 3
0.0454545 22 3
0 34 3
0.111111 27 6
0.037037 27 3
0.09375 32 6
0 37 1
0 36 5
0 36 1
0.030303 33 3
0.08 25 3
0.131579 38 6
0 36 5
0.12 25 5
0.25 28 6
0 37 1
0.297297 37 2
0 24 3
0 29 1
0.05 20 3
0 25 3
0.157895 38 6
0 31 1
0 28 3
0 33 3
0 28 5
0.342857 35 6
0 24 1
0.225806 31 6
0 23 3
0 28 3
0.135135 37 4
0.0526316 38 5
0 27 6
0.0344828 29 5
0.21875 32 6
0.0689655 29 3
0.0285714 35 3
0.166667 36 3
0.115385 26 3
0 30 3
0.0322581 31 5
0.378378 37 2
0 19 3
0.0285714 35 3
0.357143 28 6
0 30 3
0.114286 35 6
0.333333 21 2
0 23 3
0.0294118 34 6
0 30 1
0.272727 22 6
0.0909091 22 3
0 27 5
0 22 3
0.157895 19 6
0.04 25 5
0 35 1
0.166667 30 4
0.047619 21 3
0.0357143 28 3
0.0740741 27 6
0.0625 32 4
0.0416667 24 4
0 21 3
0 35 3
0.037037 27 3
0 33 1
0 30 5
0 35 3
0.12 25 4
0.243243 37 4
0.0294118 34 6
0.258065 31 6
0.290323 31 2
0.258065 31 2
0.0714286 28 6
0.037037 27 3
0 24 5
0.129032 31 6
0.0606061 33 4
0.027027 37 3
0 22 3
0 21 3
0.030303 33 6
0 25 6
0.178571 28 2
0.205882 34 6
0 25 5
0.178571 28 4
0.0416667 24 3
0.030303 33 3
0.030303 33 6
0.151515 33 6
0 35 1
0.266667 30 2
0 24 3
0 35 5
0 26 3
0 35 5
0.0344828 29 5
0.030303 33 6
0 26 3
0.030303 33 6
0 35 1
0 19 1
0.0769231 26 6
0 25 5
0.08 25 6
0.0625 32 3
0 26 3
0.0882353 34 6
0.296296 27 2
0.115385 26 6
0.151515 33 6
0.0952381 21 3
0 20 3
0.1 30 6
0.0454545 22 5
0.0645161 31 6
0 31 1
0.09375 32 6
0.222222 27 6
0.153846 26 2
0.214286 28 6
0 29 5
0 25 5
0.09375 32 6
0.08 25 6
0.0769231 26 2
