1,46,32,1,6
2,34,34,2,6
3,1,29,3,3
4,6,23,4,6
5,4,26,5,3
6,11,32,6,4
7,9,32,7,6
8,3,31,8,6
9,14,35,9,6
10,8,34,10,4
11,1,35,11,3
12,3,30,12,6
13,25,36,13,2
14,0,28,14,5
15,3,33,15,6
16,0,29,16,3
17,1,27,17,3
18,1,22,18,3
19,28,34,19,2
20,0,35,20,5
21,24,35,21,2
22,16,28,22,6
23,1,32,23,3
24,1,31,24,3
25,0,32,25,5
26,11,30,26,6
27,3,33,27,4
28,4,31,28,3
29,5,30,29,4
30,7,36,30,6
31,7,28,31,6
32,1,30,32,3
33,0,30,33,3
34,4,29,34,4
35,5,23,35,3
36,12,34,36,6
37,2,29,37,3
38,8,35,38,6
39,3,29,39,6
40,7,22,40,6
41,18,35,41,6
42,1,20,42,3
43,3,26,43,3
44,0,30,44,3
45,10,34,45,6
46,0,19,46,3
47,2,33,47,3
48,1,29,48,4
49,2,27,49,4
50,9,35,50,6
51,0,24,51,1
52,2,28,52,3
53,6,29,53,6
54,8,25,54,2
55,1,32,55,3
56,4,32,56,6
57,3,36,57,3
58,18,34,58,6
59,3,28,59,4
60,8,29,60,6
61,0,37,61,6
62,0,26,62,3
63,5,32,63,6
64,1,27,64,4
65,2,35,65,3
66,1,35,66,4
67,0,28,67,3
68,4,26,68,6
69,1,28,69,3
70,1,33,70,3
71,0,28,71,3
72,1,29,72,5
73,4,35,73,5
74,2,34,74,3
75,0,28,75,3
76,2,34,76,3
77,8,33,77,6
78,0,35,78,1
79,2,33,79,5
80,13,35,80,6
81,7,28,81,2
82,2,21,82,3
83,3,26,83,6
84,0,28,84,3
85,9,32,85,4
86,4,34,86,5
87,10,31,87,6
88,6,35,88,3
89,0,29,89,3
90,0,35,90,3
91,1,32,91,3
92,1,20,92,3
93,4,26,93,3
94,0,26,94,3
95,0,21,95,1
96,4,34,96,6
97,5,34,97,3
98,2,22,98,3
99,7,32,99,6
100,2,28,100,3
101,13,34,101,2
102,3,21,102,3
103,0,22,103,3
104,1,19,104,3
105,0,25,105,3
106,2,21,106,4
107,9,37,107,6
108,13,36,108,2
109,0,24,109,3
110,2,22,110,4
111,0,32,111,1
112,1,31,112,4
113,0,32,113,1
114,4,25,114,5
115,14,36,115,2
116,2,27,116,3
117,2,32,117,3
118,4,34,118,3
119,0,32,119,3
120,2,23,120,5
121,0,35,121,3
122,6,36,122,6
123,1,36,123,5
124,1,27,124,3
125,13,32,125,2
126,0,31,126,3
127,0,24,127,1
128,6,32,128,5
129,0,32,129,5
130,2,30,130,3
131,1,22,131,3
132,0,34,132,3
133,3,27,133,6
134,1,27,134,3
135,3,32,135,6
136,0,37,136,1
137,0,36,137,5
138,0,36,138,1
139,1,33,139,3
140,2,25,140,3
141,5,38,141,6
142,0,36,142,5
143,3,25,143,5
144,7,28,144,6
145,0,37,145,1
146,11,37,146,2
147,0,24,147,3
148,0,29,148,1
149,1,20,149,3
150,0,25,150,3
151,6,38,151,6
152,0,31,152,1
153,0,28,153,3
154,0,33,154,3
155,0,28,155,5
156,12,35,156,6
157,0,24,157,1
158,7,31,158,6
159,0,23,159,3
160,0,28,160,3
161,5,37,161,4
162,2,38,162,5
163,0,27,163,6
164,1,29,164,5
165,7,32,165,6
166,2,29,166,3
167,1,35,167,3
168,6,36,168,3
169,3,26,169,3
170,0,30,170,3
171,1,31,171,5
172,14,37,172,2
173,0,19,173,3
174,1,35,174,3
175,10,28,175,6
176,0,30,176,3
177,4,35,177,6
178,7,21,178,2
179,0,23,179,3
180,1,34,180,6
181,0,30,181,1
182,6,22,182,6
183,2,22,183,3
184,0,27,184,5
185,0,22,185,3
186,3,19,186,6
187,1,25,187,5
188,0,35,188,1
189,5,30,189,4
190,1,21,190,3
191,1,28,191,3
192,2,27,192,6
193,2,32,193,4
194,1,24,194,4
195,0,21,195,3
196,0,35,196,3
197,1,27,197,3
198,0,33,198,1
199,0,30,199,5
200,0,35,200,3
201,3,25,201,4
202,9,37,202,4
203,1,34,203,6
204,8,31,204,6
205,9,31,205,2
206,8,31,206,2
207,2,28,207,6
208,1,27,208,3
209,0,24,209,5
210,4,31,210,6
211,2,33,211,4
212,1,37,212,3
213,0,22,213,3
214,0,21,214,3
215,1,33,215,6
216,0,25,216,6
217,5,28,217,2
218,7,34,218,6
219,0,25,219,5
220,5,28,220,4
221,1,24,221,3
222,1,33,222,3
223,1,33,223,6
224,5,33,224,6
225,0,35,225,1
226,8,30,226,2
227,0,24,227,3
228,0,35,228,5
229,0,26,229,3
230,0,35,230,5
231,1,29,231,5
232,1,33,232,6
233,0,26,233,3
234,1,33,234,6
235,0,35,235,1
236,0,19,236,1
237,2,26,237,6
238,0,25,238,5
239,2,25,239,6
240,2,32,240,3
241,0,26,241,3
242,3,34,242,6
243,8,27,243,2
244,3,26,244,6
245,5,33,245,6
246,2,21,246,3
247,0,20,247,3
248,3,30,248,6
249,1,22,249,5
250,2,31,250,6
251,0,31,251,1
252,3,32,252,6
253,6,27,253,6
254,4,26,254,2
255,6,28,255,6
256,0,29,256,5
257,0,25,257,5
258,3,32,258,6
259,2,25,259,6
260,2,26,260,2
