1,46,32
2,34,34
3,1,29
4,6,23
5,4,26
6,11,32
7,9,32
8,3,31
9,14,35
10,8,34
11,1,35
12,3,30
13,25,36
14,0,28
15,3,33
16,0,29
17,1,27
18,1,22
19,28,34
20,0,35
21,24,35
22,16,28
23,1,32
24,1,31
25,0,32
26,11,30
27,3,33
28,4,31
29,5,30
30,7,36
31,7,28
32,1,30
33,0,30
34,4,29
35,5,23
36,12,34
37,2,29
38,8,35
39,3,29
40,7,22
41,18,35
42,1,20
43,3,26
44,0,30
45,10,34
46,0,19
47,2,33
48,1,29
49,2,27
50,9,35
51,0,24
52,2,28
53,6,29
54,8,25
55,1,32
56,4,32
57,3,36
58,18,34
59,3,28
60,8,29
61,0,37
62,0,26
63,5,32
64,1,27
65,2,35
66,1,35
67,0,28
68,4,26
69,1,28
70,1,33
71,0,28
72,1,29
73,4,35
74,2,34
75,0,28
76,2,34
77,8,33
78,0,35
79,2,33
80,13,35
81,7,28
82,2,21
83,3,26
84,0,28
85,9,32
86,4,34
87,10,31
88,6,35
89,0,29
90,0,35
91,1,32
92,1,20
93,4,26
94,0,26
95,0,21
96,4,34
97,5,34
98,2,22
99,7,32
100,2,28
101,13,34
102,3,21
103,0,22
104,1,19
105,0,25
106,2,21
107,9,37
108,13,36
109,0,24
110,2,22
111,0,32
112,1,31
113,0,32
114,4,25
115,14,36
116,2,27
117,2,32
118,4,34
119,0,32
120,2,23
121,0,35
122,6,36
123,1,36
124,1,27
125,13,32
126,0,31
127,0,24
128,6,32
129,0,32
130,2,30
131,1,22
132,0,34
133,3,27
134,1,27
135,3,32
136,0,37
137,0,36
138,0,36
139,1,33
140,2,25
141,5,38
142,0,36
143,3,25
144,7,28
145,0,37
146,11,37
147,0,24
148,0,29
149,1,20
150,0,25
151,6,38
152,0,31
153,0,28
154,0,33
155,0,28
156,12,35
157,0,24
158,7,31
159,0,23
160,0,28
161,5,37
162,2,38
163,0,27
164,1,29
165,7,32
166,2,29
167,1,35
168,6,36
169,3,26
170,0,30
171,1,31
172,14,37
173,0,19
174,1,35
175,10,28
176,0,30
177,4,35
178,7,21
179,0,23
180,1,34
181,0,30
182,6,22
183,2,22
184,0,27
185,0,22
186,3,19
187,1,25
188,0,35
189,5,30
190,1,21
191,1,28
192,2,27
193,2,32
194,1,24
195,0,21
196,0,35
197,1,27
198,0,33
199,0,30
200,0,35
201,3,25
202,9,37
203,1,34
204,8,31
205,9,31
206,8,31
207,2,28
208,1,27
209,0,24
210,4,31
211,2,33
212,1,37
213,0,22
214,0,21
215,1,33
216,0,25
217,5,28
218,7,34
219,0,25
220,5,28
221,1,24
222,1,33
223,1,33
224,5,33
225,0,35
226,8,30
227,0,24
228,0,35
229,0,26
230,0,35
231,1,29
232,1,33
233,0,26
234,1,33
235,0,35
236,0,19
237,2,26
238,0,25
239,2,25
240,2,32
241,0,26
242,3,34
243,8,27
244,3,26
245,5,33
246,2,21
247,0,20
248,3,30
249,1,22
250,2,31
251,0,31
252,3,32
253,6,27
254,4,26
255,6,28
256,0,29
257,0,25
258,3,32
259,2,25
260,2,26
