32
34
29
23
26
32
32
31
35
34
35
30
36
28
33
29
27
22
34
35
35
28
32
31
32
30
33
31
30
36
28
30
30
29
23
34
29
35
29
22
35
20
26
30
34
19
33
29
27
35
24
28
29
25
32
32
36
34
28
29
37
26
32
27
35
35
28
26
28
33
28
29
35
34
28
34
33
35
33
35
28
21
26
28
32
34
31
35
29
35
32
20
26
26
21
34
34
22
32
28
34
21
22
19
25
21
37
36
24
22
32
31
32
25
36
27
32
34
32
23
35
36
36
27
32
31
24
32
32
30
22
34
27
27
32
37
36
36
33
25
38
36
25
28
37
37
24
29
20
25
38
31
28
33
28
35
24
31
23
28
37
38
27
29
32
29
35
36
26
30
31
37
19
35
28
30
35
21
23
34
30
22
22
27
22
19
25
35
30
21
28
27
32
24
21
35
27
33
30
35
25
37
34
31
31
31
28
27
24
31
33
37
22
21
33
25
28
34
25
28
24
33
33
33
35
30
24
35
26
35
29
33
26
33
35
19
26
25
25
32
26
34
27
26
33
21
20
30
22
31
31
32
27
26
28
29
25
32
25
26
