28 4 
30 4 
29
22 1 
26
30 2 
23 9 
24 7 
32 3 
34
35
30
34 2 
22 6 
29 4 
29
26 1 
22
34
34 1 
33 2 
19 9 
32
25 6 
32
19 11 
25 8 
31
24 6 
36
23 5 
29 1 
26 4 
22 7 
18 5 
34
27 2 
35
26 3 
12 10 
33 2 
17 3 
25 1 
26 4 
32 2 
18 1 
33
29
15 12 
33 2 
24
27 1 
27 2 
19 6 
28 4 
30 2 
36
32 2 
27 1 
18 11 
37
25 1 
26 6 
20 7 
35
31 4 
26 2 
20 6 
26 2 
33
28
23 6 
35
32 2 
28
34
31 2 
35
30 3 
30 5 
26 2 
19 2 
23 3 
24 4 
29 3 
33 1 
24 7 
35
28 1 
35
26 6 
19 1 
25 1 
24 2 
20 1 
29 5 
23 11 
19 3 
22 10 
28
22 12 
19 2 
22
16 3 
24 1 
14 7 
36 1 
36
24
14 8 
31 1 
26 5 
32
24 1 
33 3 
26 1 
31 1 
34
32
18 5 
35
36
36
24 3 
22 10 
25 6 
24
31 1 
32
30
17 5 
32 2 
23 4 
19 8 
25 7 
37
34 2 
36
33
18 7 
38
36
19 6 
27 1 
37
28 9 
23 1 
29
19 1 
21 4 
38
31
26 2 
32 1 
27 1 
33 2 
24
13 18 
20 3 
28
20 17 
38
21 6 
22 7 
21 11 
29
35
36
25 1 
30
23 8 
36 1 
19
35
17 11 
28 2 
17 18 
18 3 
21 2 
29 5 
29 1 
15 7 
22
26 1 
17 5 
12 7 
18 7 
35
13 17 
17 4 
25 3 
20 7 
21 11 
21 3 
20 1 
35
26 1 
33
27 3 
34 1 
19 6 
36 1 
32 2 
23 8 
24 7 
15 16 
21 7 
24 3 
16 8 
21 10 
30 3 
37
21 1 
21
27 6 
21 4 
19 9 
30 4 
21 4 
25 3 
24
31 2 
26 7 
32 1 
35
17 13 
20 4 
34 1 
17 9 
32 3 
18 11 
28 5 
26
12 21 
35
18 1 
17 9 
15 10 
15 10 
25 7 
25 1 
28 6 
19 8 
18 8 
14 19 
20 1 
16 4 
15 15 
13 9 
21 10 
31
20 12 
13 14 
4 22 
6 22 
23 6 
10 15 
15 17 
14 11 
9 17 
