1,46,32,6
2,34,34,6
3,1,29,3
4,6,23,6
5,4,26,3
6,11,32,4
7,9,32,6
8,3,31,6
9,14,35,6
10,8,34,4
11,1,35,3
12,3,30,6
13,25,36,2
14,0,28,5
15,3,33,6
16,0,29,3
17,1,27,3
18,1,22,3
19,28,34,2
20,0,35,5
21,24,35,2
22,16,28,6
23,1,32,3
24,1,31,3
25,0,32,5
26,11,30,6
27,3,33,4
28,4,31,3
29,5,30,4
30,7,36,6
31,7,28,6
32,1,30,3
33,0,30,3
34,4,29,4
35,5,23,3
36,12,34,6
37,2,29,3
38,8,35,6
39,3,29,6
40,7,22,6
41,18,35,6
42,1,20,3
43,3,26,3
44,0,30,3
45,10,34,6
46,0,19,3
47,2,33,3
48,1,29,4
49,2,27,4
50,9,35,6
51,0,24,1
52,2,28,3
53,6,29,6
54,8,25,2
55,1,32,3
56,4,32,6
57,3,36,3
58,18,34,6
59,3,28,4
60,8,29,6
61,0,37,6
62,0,26,3
63,5,32,6
64,1,27,4
65,2,35,3
66,1,35,4
67,0,28,3
68,4,26,6
69,1,28,3
70,1,33,3
71,0,28,3
72,1,29,5
73,4,35,5
74,2,34,3
75,0,28,3
76,2,34,3
77,8,33,6
78,0,35,1
79,2,33,5
80,13,35,6
81,7,28,2
82,2,21,3
83,3,26,6
84,0,28,3
85,9,32,4
86,4,34,5
87,10,31,6
88,6,35,3
89,0,29,3
90,0,35,3
91,1,32,3
92,1,20,3
93,4,26,3
94,0,26,3
95,0,21,1
96,4,34,6
97,5,34,3
98,2,22,3
99,7,32,6
100,2,28,3
101,13,34,2
102,3,21,3
103,0,22,3
104,1,19,3
105,0,25,3
106,2,21,4
107,9,37,6
108,13,36,2
109,0,24,3
110,2,22,4
111,0,32,1
112,1,31,4
113,0,32,1
114,4,25,5
115,14,36,2
116,2,27,3
117,2,32,3
118,4,34,3
119,0,32,3
120,2,23,5
121,0,35,3
122,6,36,6
123,1,36,5
124,1,27,3
125,13,32,2
126,0,31,3
127,0,24,1
128,6,32,5
129,0,32,5
130,2,30,3
131,1,22,3
132,0,34,3
133,3,27,6
134,1,27,3
135,3,32,6
136,0,37,1
137,0,36,5
138,0,36,1
139,1,33,3
140,2,25,3
141,5,38,6
142,0,36,5
143,3,25,5
144,7,28,6
145,0,37,1
146,11,37,2
147,0,24,3
148,0,29,1
149,1,20,3
150,0,25,3
151,6,38,6
152,0,31,1
153,0,28,3
154,0,33,3
155,0,28,5
156,12,35,6
157,0,24,1
158,7,31,6
159,0,23,3
160,0,28,3
161,5,37,4
162,2,38,5
163,0,27,6
164,1,29,5
165,7,32,6
166,2,29,3
167,1,35,3
168,6,36,3
169,3,26,3
170,0,30,3
171,1,31,5
172,14,37,2
173,0,19,3
174,1,35,3
175,10,28,6
176,0,30,3
177,4,35,6
178,7,21,2
179,0,23,3
180,1,34,6
181,0,30,1
182,6,22,6
183,2,22,3
184,0,27,5
185,0,22,3
186,3,19,6
187,1,25,5
188,0,35,1
189,5,30,4
190,1,21,3
191,1,28,3
192,2,27,6
193,2,32,4
194,1,24,4
195,0,21,3
196,0,35,3
197,1,27,3
198,0,33,1
199,0,30,5
200,0,35,3
201,3,25,4
202,9,37,4
203,1,34,6
204,8,31,6
205,9,31,2
206,8,31,2
207,2,28,6
208,1,27,3
209,0,24,5
210,4,31,6
211,2,33,4
212,1,37,3
213,0,22,3
214,0,21,3
215,1,33,6
216,0,25,6
217,5,28,2
218,7,34,6
219,0,25,5
220,5,28,4
221,1,24,3
222,1,33,3
223,1,33,6
224,5,33,6
225,0,35,1
226,8,30,2
227,0,24,3
228,0,35,5
229,0,26,3
230,0,35,5
231,1,29,5
232,1,33,6
233,0,26,3
234,1,33,6
235,0,35,1
236,0,19,1
237,2,26,6
238,0,25,5
239,2,25,6
240,2,32,3
241,0,26,3
242,3,34,6
243,8,27,2
244,3,26,6
245,5,33,6
246,2,21,3
247,0,20,3
248,3,30,6
249,1,22,5
250,2,31,6
251,0,31,1
252,3,32,6
253,6,27,6
254,4,26,2
255,6,28,6
256,0,29,5
257,0,25,5
258,3,32,6
259,2,25,6
260,2,26,2
