1.28441
1.01744
0.92103
1.04796
0.96681
0.91344
0.90907
0.83847
0.96522
0.89154
0.88578
1.02683
0.81868
0.86003
1.06215
0.95855
0.86936
1.25655
0.96163
0.86158
0.89516
0.85414
1.26603
0.93212
0.88966
1.45254
1.40741
0.88144
0.81990
0.88688
0.85017
0.84016
0.92822
1.24978
0.87828
0.92716
0.89430
0.84564
0.86986
0.85978
0.92129
0.82964
1.23748
0.90021
0.84052
1.14238
0.93176
0.91554
0.85431
0.91880
0.88245
0.86277
0.93260
0.85753
0.92157
0.91638
0.93485
0.91516
0.95378
0.87089
0.84740
0.95441
0.82298
0.95950
0.94279
0.83609
0.86487
0.84916
0.90262
0.88785
0.84352
0.91544
0.98552
2.01539
0.91399
0.92329
1.11106
1.06029
0.94462
0.96719
0.98398
0.88085
0.90933
0.94736
1.23991
0.87794
0.85970
1.05314
1.00817
0.91232
0.91487
0.84294
0.87633
0.94240
0.89174
0.85971
0.84939
0.92692
0.87465
0.93650
0.87586
0.85376
0.88390
0.88632
1.09338
0.92948
1.83439
0.91858
0.88741
0.86015
0.88557
0.86408
0.85673
0.84877
0.93428
0.94213
0.87148
0.88378
0.91545
0.88684
0.87903
0.89928
0.84373
1.28214
1.00247
0.84585
0.84589
0.91993
0.88960
0.87749
1.00525
0.90476
1.09399
0.86222
1.19755
0.97386
0.90071
1.00804
0.82484
0.96572
0.90809
1.07689
0.91425
1.01776
0.90029
0.95583
0.86731
1.55095
0.85536
0.95038
0.84904
0.87298
0.86864
1.20790
0.86232
0.88779
0.87762
0.95873
0.86901
0.92787
0.84676
0.87859
0.85070
0.96799
0.97731
0.90431
0.88208
1.01577
0.83940
0.89637
0.94416
0.88856
0.99535
0.84052
0.84004
0.87742
0.96088
0.86544
1.35786
0.94710
0.90791
1.06602
0.91667
0.80394
1.25939
0.90609
0.84556
0.87288
0.90881
0.85135
0.89526
0.97388
0.85343
0.85006
0.86910
0.95823
0.86831
0.98006
0.90568
0.90559
0.86957
0.87337
0.85720
0.89573
0.90519
0.91608
0.84016
0.94744
0.92491
0.84958
0.88905
0.86807
0.86722
1.11852
0.88975
0.91103
0.93374
1.00171
0.93845
1.02531
0.85956
0.85413
0.89203
0.86569
0.92163
0.87563
0.86262
0.88730
1.11732
0.86742
0.86356
0.90234
0.85452
0.87360
0.89496
0.86423
0.88546
0.88467
0.99686
0.89034
0.86342
0.88659
0.88795
0.93176
1.02910
0.97143
1.00378
0.85047
0.85865
0.89391
0.90085
1.25103
1.01600
0.88498
0.93968
0.94234
0.82333
0.85045
0.86511
0.84260
1.03212
0.84021
0.88118
0.86243
0.92089
0.89415
0.85719
0.98834
0.92157
0.99225
0.91091
0.85747
0.88655
0.97566
0.86741
0.88164
1.41544
0.97960
1.05177
0.94468
0.91716
0.88072
0.94542
0.86984
0.86596
1.04922
1.01785
0.85515
0.86374
0.92762
0.83366
0.91423
0.88366
0.94309
0.91429
0.92443
0.84675
1.90997
0.93844
0.90341
0.81480
0.87460
0.87133
0.87688
0.85274
1.37956
1.28572
0.85186
0.80072
1.10948
0.88792
0.93700
0.87951
0.87997
0.86092
0.90681
0.97439
0.84510
0.88668
0.92547
0.99803
0.83462
0.90401
0.87563
0.93933
0.88298
1.00082
0.91772
0.89292
0.86969
1.02621
0.94020
0.88040
0.93176
0.90617
0.87730
0.91606
0.82544
0.88590
0.89284
0.86524
0.91114
1.15566
0.89451
1.80303
0.84672
0.88272
0.85121
0.92228
0.92619
0.96536
0.96176
0.87533
1.07653
0.92400
0.91319
0.85799
0.89321
1.03057
0.98598
0.97241
0.92558
0.88961
0.91798
0.85978
0.87858
1.02405
0.90687
1.35767
0.84855
0.87529
0.87052
0.87283
0.88702
0.96550
1.08399
1.14842
0.91181
0.81186
0.85469
0.85665
0.95529
0.85537
0.86042
1.03535
0.89046
0.82024
0.86751
0.86245
0.83326
0.97636
0.85551
0.98581
1.01743
0.92183
0.88191
0.86039
0.96907
0.88937
0.85322
0.98393
0.93929
0.92672
0.89214
0.84130
0.92631
1.28693
1.39307
1.00447
1.00874
0.88179
0.91900
0.85816
0.94739
0.94310
0.88085
0.86293
0.84365
0.88337
0.82920
0.86160
0.93980
0.82563
0.87657
0.96160
0.86381
0.94009
0.89519
0.90112
0.94258
0.96015
0.90591
1.03178
0.96890
1.13442
0.86332
0.91233
0.87847
0.84939
0.98360
0.89657
0.85017
1.01385
0.97887
0.89376
0.85126
0.85906
0.87392
0.87073
0.85994
0.99325
0.81456
0.88736
0.85757
0.90601
1.01193
1.73382
0.89455
1.43716
0.87385
0.85126
0.92527
0.85893
0.85057
0.84632
0.93111
0.85529
1.67572
0.86403
1.09666
0.89973
0.97792
1.10126
1.19639
0.89273
0.83787
0.94271
0.85006
1.44221
0.90235
0.88361
0.95463
0.86207
1.14000
1.14672
1.05157
1.23247
0.87551
1.00422
0.96308
0.92889
0.90742
1.32039
0.83313
1.04129
0.89789
0.92530
0.85671
0.89028
1.08247
0.88946
0.86222
0.86871
0.96658
0.87137
0.82031
0.95800
0.87997
1.08795
0.95128
0.88378
0.86053
0.94329
0.83540
0.87209
0.79524
0.90628
0.93965
1.12456
0.81725
0.87863
0.87703
0.86456
0.87451
0.93697
0.90096
0.80900
0.86391
0.88543
1.06019
1.28454
0.84747
0.88532
0.91355
0.85696
1.01408
0.87874
1.41370
1.16269
0.87500
1.08269
0.89074
0.86534
0.90494
0.98211
0.96006
0.90619
0.88592
0.88408
0.85581
1.23293
0.87869
0.87089
1.09330
0.83207
0.90987
0.81845
0.88492
1.05481
1.41749
0.95352
0.83574
0.90457
0.87170
0.97352
0.85593
0.87330
0.91177
0.86544
0.84307
0.90550
0.94212
0.93907
0.83268
0.90425
0.96129
0.85716
0.93592
0.82693
0.86253
0.88795
0.88579
0.86072
0.94289
0.94867
0.93100
0.90594
0.87408
0.98108
1.31534
0.88038
